<?xml version="1.0" encoding="UTF-8" standalone="no"?>
<svg
   viewBox="0 0 18.040001 21.999998"
   width="18.040001pt"
   height="21.999998pt"
   version="1.1"
   id="svg1"
   sodipodi:docname="pink_master_pin.svg"
   xml:space="preserve"
   xmlns:inkscape="http://www.inkscape.org/namespaces/inkscape"
   xmlns:sodipodi="http://sodipodi.sourceforge.net/DTD/sodipodi-0.dtd"
   xmlns="http://www.w3.org/2000/svg"
   xmlns:svg="http://www.w3.org/2000/svg"><defs
     id="defs1" /><sodipodi:namedview
     id="namedview1"
     pagecolor="#ffffff"
     bordercolor="#000000"
     borderopacity="0.25"
     inkscape:showpageshadow="2"
     inkscape:pageopacity="0.0"
     inkscape:pagecheckerboard="0"
     inkscape:deskcolor="#d1d1d1"
     inkscape:document-units="pt"><inkscape:page
       x="0"
       y="0"
       width="18.040001"
       height="21.999998"
       id="page2"
       margin="0"
       bleed="0" /></sodipodi:namedview><g
     id="g1"
     transform="matrix(0.03767976,0,0,0.03767976,-1.1846595,3.2643393)"><path
       d="M 0,0 C 0.625,2.375 0.625,2.375 1,5 -1,7 -1,7 -3.4375,7.1875 -6,7 -6,7 -9,6 c -5.681213,2.7801681 -7.689147,6.399579 -10,12 0.859805,-0.04641 1.719609,-0.09281 2.605469,-0.140625 C -3.0659788,17.452396 7.7801743,20.186076 18,29 c 8.095344,7.620079 13.341076,17.621588 14.335937,28.761719 0.01289,1.295508 0.02578,2.591015 0.03906,3.925781 0.02836,1.282617 0.05672,2.565234 0.08594,3.886719 -0.182028,3.82127 -1.247036,7.094162 -2.489746,10.702392 -0.550636,1.610722 -0.550636,1.610722 -1.112396,3.253983 C 28.575393,80.345498 28.29199,81.160402 28,82 c 0.843785,-0.0017 0.843785,-0.0017 1.704616,-0.0035 33.369138,-0.06719 66.738258,-0.118637 100.107444,-0.149744 4.01024,-0.0038 8.02048,-0.0076 12.03071,-0.0116 0.79834,-7.87e-4 1.59668,-0.0016 2.41921,-0.0024 12.91203,-0.01304 25.82403,-0.03668 38.73604,-0.06428 13.25736,-0.02809 26.5147,-0.04473 39.77209,-0.05081 8.17487,-0.0041 16.34963,-0.01707 24.52447,-0.04148 5.61232,-0.01591 11.22457,-0.02064 16.83691,-0.01675 3.2339,0.0019 6.46756,-0.0026 9.70143,-0.01711 3.51673,-0.01501 7.03297,-0.01131 10.54971,-0.0031 1.51173,-0.01311 1.51173,-0.01311 3.054,-0.02648 15.43727,0.09631 29.14666,5.320261 40.31337,16.039588 11.56165,12.063456 17.22833,26.084086 17.625,42.847656 -0.44734,16.79237 -6.33692,31.61145 -18.37964,43.41187 -11.93038,10.76788 -26.0767,14.4036 -41.7728,14.33296 -1.27793,0.002 -2.55586,0.005 -3.87252,0.007 -3.53135,0.006 -7.06259,-1.2e-4 -10.59393,-0.008 -3.81468,-0.007 -7.62934,-0.002 -11.44402,0.002 -6.60621,0.005 -13.21239,0.004 -19.8186,-0.002 -10.44615,-0.008 -20.89223,0.003 -31.33837,0.0172 -3.57696,0.005 -7.15393,0.009 -10.73089,0.0134 -1.34074,0.002 -1.34074,0.002 -2.70857,0.003 -10.16596,0.0122 -20.33192,0.0197 -30.49789,0.0257 -0.92891,5.4e-4 -1.85783,0.001 -2.81489,0.002 -15.05652,0.008 -30.11301,0.005 -45.16953,-8.2e-4 -15.47021,-0.006 -30.94033,0.008 -46.410513,0.0376 -9.535878,0.0175 -19.071496,0.0192 -28.607373,3.5e-4 -6.535966,-0.0116 -13.071757,-0.005 -19.6077,0.0155 -3.768448,0.0113 -7.536443,0.0145 -11.304871,-0.004 -4.090857,-0.0201 -8.1806446,-0.001 -12.2714904,0.0207 -1.1832815,-0.012 -2.3665629,-0.0241 -3.5857014,-0.0365 -6.6875142,0.0738 -11.4019122,1.02807 -17.2097442,4.41351 -12.089497,6.75182 -30.872129,6.05199 -44.048457,3.06125 C -72.025361,204.19208 -77.587349,202.26555 -82,199 c -1.807325,-4.2046 -1.224773,-9.40008 -1.328125,-13.90625 C -84.181021,181.16646 -85.700203,180.14382 -89,178 c -0.66,3.96 -1.32,7.92 -2,12 -4,0 -4,0 -5.859375,-1.47656 C -110.56644,172.94723 -117.11258,154.98659 -116.1748,134.16992 -114.86899,117.96026 -107.57734,103.28149 -96,92 c 0.663867,-0.696094 1.327734,-1.392188 2.011719,-2.109375 C -84.157098,80.227976 -68.859975,73 -55,73 -55.159844,72.279414 -55.319687,71.558828 -55.484375,70.816406 -57.597641,59.273494 -55.279137,47.846619 -49.085937,37.9375 -47.492208,35.13373 -47.492208,35.13373 -47,32 c -1.757243,-2.66366 -1.757243,-2.66366 -4.25,-5.1875 -0.809531,-0.88043 -1.619062,-1.760859 -2.453125,-2.667969 C -56.389031,21.636772 -57.961789,21 -61.625,21 c -0.78375,0 -1.5675,0 -2.375,0 -1,-1 -1,-1 -1.125,-4 C -65,14 -65,14 -64,13 c 2.3125,-0.3125 2.3125,-0.3125 5,0 1.381769,1.283071 2.703176,2.63113 4,4 1.461844,1.004845 2.943175,1.981626 4.4375,2.9375 3.677641,2.385005 6.614894,4.829642 9.5625,8.0625 0.652266,-0.409922 1.304531,-0.819844 1.976563,-1.242188 C -34.452931,23.940008 -30.242803,21.379685 -25,20 c 0.04125,-0.825 0.0825,-1.65 0.125,-2.5 1.321598,-5.286391 4.210637,-9.4819124 8.582031,-12.7929688 C -14.585584,3.7011003 -12.79092,2.8483306 -11,2 -10.386406,1.690625 -9.7728125,1.38125 -9.140625,1.0625 -5.7899693,-0.54123265 -3.5196721,-1.5486557 0,0 Z"
       fill="#fceb14"
       transform="translate(161,33)"
       id="path1-4" /><path
       d="M 0,0 C 0.625,2.375 0.625,2.375 1,5 -1,7 -1,7 -3.4375,7.1875 -6,7 -6,7 -9,6 c -5.681213,2.7801681 -7.689147,6.399579 -10,12 0.859805,-0.04641 1.719609,-0.09281 2.605469,-0.140625 C -3.0659788,17.452396 7.7801743,20.186076 18,29 26.095344,36.620079 31.341076,46.621588 32.335937,57.761719 32.473988,71.63575 29.839358,81.679369 20,92 c -3.729312,3.641484 -7.23806,6.808665 -12,9 0.8702981,4.72107 3.270947,8.89765 5.384766,13.16016 6.348348,13.17987 7.098809,30.93392 2.779296,44.92187 -7.6437918,19.16078 -19.3479384,35.30028 -38.687499,43.95703 -16.277397,6.31584 -36.167764,6.34186 -52.375,-0.21094 -6.778187,-3.07581 -6.778187,-3.07581 -7.855469,-5.58203 -0.442282,-4.03669 -0.481157,-8.09483 -0.574219,-12.15234 C -84.181021,181.16646 -85.700203,180.14382 -89,178 c -0.66,3.96 -1.32,7.92 -2,12 -4,0 -4,0 -5.859375,-1.47656 C -110.56644,172.94723 -117.11258,154.98659 -116.1748,134.16992 -114.86899,117.96026 -107.57734,103.28149 -96,92 c 0.663867,-0.696094 1.327734,-1.392188 2.011719,-2.109375 C -84.157098,80.227976 -68.859975,73 -55,73 -55.159844,72.279414 -55.319687,71.558828 -55.484375,70.816406 -57.597641,59.273494 -55.279137,47.846619 -49.085937,37.9375 -47.492208,35.13373 -47.492208,35.13373 -47,32 c -1.757243,-2.66366 -1.757243,-2.66366 -4.25,-5.1875 -0.809531,-0.88043 -1.619062,-1.760859 -2.453125,-2.667969 C -56.389031,21.636772 -57.961789,21 -61.625,21 c -0.78375,0 -1.5675,0 -2.375,0 -1,-1 -1,-1 -1.125,-4 C -65,14 -65,14 -64,13 c 2.3125,-0.3125 2.3125,-0.3125 5,0 1.381769,1.283071 2.703176,2.63113 4,4 1.461844,1.004845 2.943175,1.981626 4.4375,2.9375 3.677641,2.385005 6.614894,4.829642 9.5625,8.0625 0.652266,-0.409922 1.304531,-0.819844 1.976563,-1.242188 C -34.452931,23.940008 -30.242803,21.379685 -25,20 c 0.04125,-0.825 0.0825,-1.65 0.125,-2.5 1.321598,-5.286391 4.210637,-9.4819124 8.582031,-12.7929688 C -14.585584,3.7011003 -12.79092,2.8483306 -11,2 -10.386406,1.690625 -9.7728125,1.38125 -9.140625,1.0625 -5.7899693,-0.54123265 -3.5196721,-1.5486557 0,0 Z"
       fill="#200810"
       transform="translate(161,33)"
       id="path2" /><path
       d="m 0,0 c 1.3974361,-0.00576172 1.3974361,-0.00576172 2.8231033,-0.01163983 1.0355668,8.6648e-4 2.0711336,0.00173296 3.1380812,0.0026257 1.0908632,-0.00297112 2.1817264,-0.00594224 3.3056461,-0.0090034 3.6863484,-0.0087301 7.3726654,-0.0101989 11.0590234,-0.01168752 2.630891,-0.0046253 5.261781,-0.0096496 7.89267,-0.01504516 7.172004,-0.01360724 14.344002,-0.01961285 21.516016,-0.02401066 4.479813,-0.0027606 8.959623,-0.0069978 13.439434,-0.01150418 12.40518,-0.01219992 24.810359,-0.02249511 37.215546,-0.02587509 1.1921,-3.2935e-4 1.1921,-3.2935e-4 2.40828,-6.6535e-4 0.79665,-2.1828e-4 1.5933,-4.3655e-4 2.41409,-6.6145e-4 1.61432,-4.4346e-4 3.22864,-8.9003e-4 4.84297,-0.00134 1.20114,-3.3214e-4 1.20114,-3.3214e-4 2.42655,-6.71e-4 12.95401,-0.003942 25.90796,-0.0213735 38.86195,-0.0446885 13.30259,-0.0237487 26.60516,-0.0361776 39.90778,-0.0373419 7.46749,-9.1523e-4 14.9349,-0.006628 22.40236,-0.0248196 6.36438,-0.0154491 12.72867,-0.0204935 19.09307,-0.0122619 3.24403,0.003891 6.48782,0.001403 9.73184,-0.0110573 3.52762,-0.0127508 7.05476,-0.006825 10.58238,0.003582 1.51655,-0.0120846 1.51655,-0.0120846 3.06373,-0.0244134 15.44735,0.10600298 29.15849,5.31563544 40.33488,16.04425054 11.56165,12.063458 17.22833,26.084083 17.625,42.847656 -0.44734,16.792375 -6.33692,31.61145 -18.37964,43.411862 -11.94104,10.77751 -26.09302,14.40551 -41.80212,14.32865 -1.28091,0.002 -2.56181,0.003 -3.88153,0.005 -3.53926,0.004 -7.0784,-0.004 -10.61765,-0.0136 -3.82266,-0.009 -7.64532,-0.006 -11.46799,-0.004 -6.61769,10e-4 -13.23535,-0.005 -19.85304,-0.0165 -9.56799,-0.0163 -19.13596,-0.0215 -28.70396,-0.024 -15.52447,-0.004 -31.04891,-0.0177 -46.57337,-0.0366 -15.07812,-0.0184 -30.15624,-0.0325 -45.234373,-0.041 -0.92984,-5.2e-4 -1.859681,-0.001 -2.817699,-0.002 -4.664865,-0.003 -9.32973,-0.005 -13.994596,-0.008 -38.683025,-0.0207 -77.3660277,-0.0559 -116.049033,-0.10064 6.700068,-6.76493 10.973877,-10.66194 20.854813,-10.77735 1.139687,0.017 2.279375,0.034 3.453598,0.0515 1.841277,-0.009 1.841277,-0.009 3.719751,-0.0172 3.391397,-0.01 6.780731,0.007 10.1718945,0.0354 3.6633934,0.0239 7.32670257,0.013 10.9901445,0.006 6.34441,-0.007 12.688482,0.007 19.032829,0.0347 9.185818,0.0401 18.371352,0.0423 27.55724,0.0344 14.921761,-0.0123 29.843404,-0.002 44.76514,0.0272 0.892504,0.002 1.785007,0.003 2.704556,0.005 4.521525,0.009 9.043045,0.0177 13.564575,0.0268 9.03952,0.018 18.07904,0.0337 27.11856,0.0481 1.3353,0.002 1.3353,0.002 2.69758,0.004 14.86224,0.023 29.72444,0.0262 44.5867,0.0163 9.15821,-0.005 18.31604,0.008 27.47418,0.0449 6.27991,0.0242 12.55968,0.0309 18.83964,0.0239 3.61886,-0.003 7.23723,0.001 10.856,0.0284 3.93233,0.0292 7.86403,0.0194 11.79645,0.006 1.69615,0.0222 1.69615,0.0222 3.42656,0.0447 12.23404,-0.11161 22.41339,-4.96023 31.38979,-13.143602 9.18218,-9.480644 12.99319,-22.495285 13.4375,-35.4375 -0.3565,-13.48757 -5.67319,-24.897005 -14.625,-34.875 -9.5813,-8.997341 -21.55757,-11.489051 -34.17027,-11.465973 -1.13713,-0.0058 -2.27425,-0.01159 -3.44584,-0.01755 -3.80629,-0.01699 -7.61247,-0.01988 -11.4188,-0.02282 -2.73007,-0.0082 -5.46013,-0.01938 -8.19019,-0.03044 -5.87559,-0.02225 -11.75116,-0.03728 -17.62678,-0.04737 -8.4951,-0.0146 -16.99014,-0.04014 -25.4852,-0.06833 -13.78354,-0.04544 -27.56709,-0.08207 -41.35066,-0.113137 -13.38739,-0.0302 -26.77475,-0.06455 -40.16211,-0.104492 -0.82556,-0.0025 -1.65112,-0.0049 -2.5017,-0.0075 -4.14169,-0.01237 -8.283384,-0.02483 -12.425077,-0.03733 C 57.400011,10.300496 23.054724,10.211279 -11.290601,10.131428 -10.31284,8.6513313 -9.3333514,7.1723763 -8.3531008,5.6939278 -7.8078273,4.8702168 -7.2625539,4.0465059 -6.700757,3.197834 -4.4903016,-0.04130976 -3.8883594,0.00598172 0,0 Z"
       fill="#f0942d"
       transform="translate(192.2906,114.86857)"
       id="path3" /><path
       d="M 0,0 C 2.4582568,2.446047 4.8975723,4.8890366 7.25,7.4375 13.782429,13.524536 20.327872,16.93607 29,19 c 0.121172,0.603281 0.242344,1.206562 0.367187,1.828125 0.167579,0.799219 0.335157,1.598437 0.507813,2.421875 0.162422,0.788906 0.324844,1.577812 0.492187,2.390625 C 30.998936,27.996031 31.75041,29.908094 33,32 c 2.78863,1.394315 4.920789,1.256601 8,1 2.113393,-3.17009 2.310133,-4.44151 2.5625,-8.125 C 43.901716,20.098284 43.901716,20.098284 45,19 c 1.666171,-0.04064 3.333881,-0.04272 5,0 0.630321,1.205566 1.25395,2.414632 1.875,3.625 0.348047,0.672891 0.696094,1.345781 1.054687,2.039062 3.039965,6.634667 3.406391,12.313209 3.382813,19.523438 0.01611,0.99709 0.03223,1.99418 0.04883,3.021484 6.45e-4,0.95584 0.0013,1.91168 0.002,2.896485 0.003,0.867781 0.006,1.735561 0.009,2.629638 C 55.928554,55.434628 55.093291,56.308001 53,58 c -0.66,-0.99 -1.32,-1.98 -2,-3 -2.370142,-0.668409 -2.370142,-0.668409 -5,0 -3.880738,3.14155 -6.370949,6.284325 -8,11 0.121635,1.959985 0.270142,3.918389 0.4375,5.875 0.09864,3.790469 0.06138,5.48807 -2.300781,8.503906 C 30.653431,84.872985 24.464599,88.139071 18,91 17.925234,90.396719 17.850469,89.793437 17.773437,89.171875 17.09728,85.0619 16.524148,82.580813 13.6875,79.4375 8.2174262,77.305098 2.7990399,77.194376 -3,78 c -2.6930406,1.355858 -4.514447,2.382023 -6.375,4.75 -0.941978,3.391121 -0.472522,5.859912 0.375,9.25 1.9580952,2.292895 1.9580952,2.292895 4,4 0,0.66 0,1.32 0,2 -3.5208156,0.02928 -7.041599,0.04689 -10.5625,0.0625 -0.990645,0.0084 -1.981289,0.01676 -3.001953,0.02539 C -23.81558,98.105336 -28.838581,98.012459 -34,97 -35.824905,95.175095 -35.165991,92.653613 -35.19043,90.224121 -35.147744,55.086914 -22.269028,26.564577 0,0 Z"
       fill="#dd202f"
       transform="translate(118,126)"
       id="path4" /><path
       d="M 0,0 C 8.9713852,7.5488611 15.868681,16.340579 16.960937,28.308594 17.292476,39.542634 14.728866,49.703599 7.484375,58.535156 -0.91609796,66.84432 -10.659686,71.350088 -22.4375,71.625 -33.723115,71.510231 -42.289373,67.261572 -50.21875,59.429687 -58.181336,50.826046 -61.871337,41.276168 -61.621094,29.5 -60.515821,18.083512 -55.192312,9.6147082 -46.875,2 -33.435384,-8.8296904 -14.391015,-10.150048 0,0 Z"
       fill="#fafafa"
       transform="translate(171.3125,62.6875)"
       id="path5" /><path
       d="m 0,0 c 2.475,4.95 2.475,4.95 5,10 -0.6548438,0.657422 -1.3096875,1.314844 -1.984375,1.992188 -21.96796,22.898805 -34.983259,51.994765 -43.063721,82.332031 -0.341642,1.26457 -0.341642,1.26457 -0.690185,2.554687 -0.196341,0.748382 -0.392681,1.496763 -0.594971,2.267823 C -42,101 -42,101 -44,103 -50.849592,94.573355 -59.106129,82.429998 -58,71 c 0.28875,0.598125 0.5775,1.19625 0.875,1.8125 1.17242,2.380778 1.17242,2.380778 3.125,5.1875 0.66,0 1.32,0 2,0 1.143305,-3.429915 1.203817,-6.198642 1.25,-9.8125 0.02578,-1.202695 0.05156,-2.405391 0.07813,-3.644531 C -51.029698,60.679331 -52.180291,58.385505 -54,55 -55.59298,47.035101 -52.429839,39.198712 -48.492187,32.394531 -44.2393,26.0152 -38.490274,17.496758 -31,15 c 1.010625,0.0825 2.02125,0.165 3.0625,0.25 5.402667,-0.343026 9.280484,-2.626329 13.9375,-5.25 0,-1.32 0,-2.64 0,-4 -2.97,0 -5.94,0 -9,0 5.45771,-5.45770983 15.5717868,-6.58260496 23,-6 z"
       fill="#db2130"
       transform="translate(109,111)"
       id="path6" /><path
       d="M 0,0 C 0.33,0 0.66,0 1,0 1.8185512,19.849867 -1.7298123,36.017541 -14.8125,51.652344 -26.923428,64.649964 -43.815047,71.842567 -61.5,72.5 -70.196062,72.206874 -84.613333,70.386667 -91,64 c -0.04081,-1.999584 -0.04254,-4.000453 0,-6 1.624219,0.230098 1.624219,0.230098 3.28125,0.464844 5.392124,0.674015 10.792237,0.880453 16.21875,1.097656 1.519805,0.06477 1.519805,0.06477 3.070313,0.130859 C -65.953232,59.798492 -63.476693,59.900638 -61,60 c -0.43095,-0.534719 -0.861899,-1.069438 -1.305908,-1.620361 -0.555183,-0.709226 -1.110366,-1.418452 -1.682373,-2.14917 -0.5547,-0.699719 -1.1094,-1.399439 -1.680908,-2.120362 C -67,52 -67,52 -67.1875,48.3125 -65.605158,43.8986 -63.221622,41.110811 -59,39 c 12.324159,-1.038361 12.324159,-1.038361 16.6875,1.8125 3.739842,3.537689 4.646159,6.189939 5.3125,11.1875 2.068189,-1.220322 4.129176,-2.450729 6.1875,-3.6875 0.578145,-0.339668 1.156289,-0.679336 1.751953,-1.029297 C -25.192998,44.945193 -21.877869,42.551182 -19,39 c 0.379865,-2.561865 0.379865,-2.561865 -0.0625,-5.1875 C -19.397563,27.305215 -17.025905,23.005444 -13,18 c 3.232538,-2.155025 4.2515092,-2.468561 8,-2 1.8125,1.5 1.8125,1.5 3,3 1.6498007,-3.299601 1.38258361,-6.991279 1.5625,-10.625 C -0.3727246,7.1723047 -0.3727246,7.1723047 -0.30664062,5.9453125 -0.20048543,3.9637489 -0.09973145,1.9818973 0,0 Z"
       fill="#961e22"
       transform="translate(174,164)"
       id="path7" /><path
       d="m 0,0 c 20,0 20,0 25,2 2.151647,3.2274705 2.272451,4.2050564 2.25,7.9375 0.0052,0.854648 0.01031,1.709297 0.01563,2.589844 C 26.987136,15.119746 26.306692,16.765142 25,19 c 0.804375,0.45375 1.60875,0.9075 2.4375,1.375 C 30,22 30,22 31,24 c 0.632653,5.106412 0.907541,8.789945 -2.25,13 -4.159158,3.024842 -6.767048,4.255616 -11.953125,4.195312 -0.88333,-0.005 -1.76666,-0.01 -2.676758,-0.01514 C 13.007979,41.161968 11.89584,41.14376 10.75,41.125 7.2025,41.08375 3.655,41.0425 0,41 0,27.47 0,13.94 0,0 Z"
       fill="#e1262f"
       transform="translate(196,152)"
       id="path8" /><path
       d="m 0,0 c 3.3,0 6.6,0 10,0 0,13.53 0,27.06 0,41 -3.3,0 -6.6,0 -10,0 -0.33,-0.66 -0.66,-1.32 -1,-2 -0.639375,0.515625 -1.27875,1.03125 -1.9375,1.5625 C -7.1914603,42.559257 -10.528277,42.325256 -15,41 c -3.972205,-3.02233 -6.231802,-6.346847 -8,-11 -0.561381,-5.239557 0.143676,-8.567774 3,-13 4.828348,-4.35729 7.480773,-5.331486 14,-5 1.65,0.66 3.3,1.32 5,2 0.33,-4.62 0.66,-9.24 1,-14 z"
       fill="#e1282f"
       transform="translate(300,152)"
       id="path9" /><path
       d="M 0,0 C 3.4375,1.5 3.4375,1.5 6,3 6,2.34 6,1.68 6,1 c 3.3,0 6.6,0 10,0 0,9.24 0,18.48 0,28 C 12.7,29 9.4,29 6,29 5.67,28.34 5.34,27.68 5,27 4.360625,27.515625 3.72125,28.03125 3.0625,28.5625 -1.2055249,30.565859 -4.4990173,30.186623 -9,29 -13.734145,26.324179 -15.378057,23.121924 -17,18 -17.671753,13.764678 -17.324439,10.648878 -15.375,6.75 -10.795353,1.4472507 -7.1082811,-0.88853513 0,0 Z"
       fill="#e1282f"
       transform="translate(459,164)"
       id="path10" /><path
       d="m 0,0 c 4.158451,2.4250515 5.7557073,4.9958013 7.5625,9.4375 0.6427966,5.234201 -0.1472478,8.573316 -3,13 -5.21621503,4.814968 -9.3636604,6.521728 -16.394531,6.386719 -5.237269,-0.777346 -9.04134,-3.671223 -12.542969,-7.511719 -2.265234,-3.997473 -2.439157,-7.355116 -2.0625,-11.875 1.637847,-4.7260763 4.310083,-8.0731046 8.882813,-10.33984375 C -11.729013,-2.7188362 -5.5948268,-2.4112034 0,0 Z"
       fill="#e1282f"
       transform="translate(362.4375,165.5625)"
       id="path11" /><path
       d="m 0,0 c 3.3,0 6.6,0 10,0 0.33,6.93 0.66,13.86 1,21 1.03125,-1.32 2.0625,-2.64 3.125,-4 2.903919,-2.977304 4.35568,-3.924382 8.523437,-4.53125 C 26.129531,12.496994 29.537211,12.64983 33,13 c -3.60575,4.589136 -7.47384,8.32168 -12,12 1.604135,4.06832 4.531459,6.723511 7.625,9.6875 1.813511,1.752305 3.60186,3.518604 5.375,5.3125 0,0.33 0,0.66 0,1 C 22.020628,42.533632 22.020628,42.533632 17.066406,38.773437 14.863541,36.270982 12.864452,33.762152 11,31 10.67,34.3 10.34,37.6 10,41 6.7,41 3.4,41 0,41 0,27.47 0,13.94 0,0 Z"
       fill="#e1262f"
       transform="translate(408,152)"
       id="path12" /><path
       d="M 0,0 C 4.8406394,2.3306783 7.5635288,5.220768 10,10 10.65362,15.22896 9.8725022,18.595497 7,23 4.1587051,26.267489 2.6428147,27.718864 -1.625,28.449219 -6.1896359,28.629075 -9.3247409,28.313513 -13.5,26.375 -17.567645,22.510737 -19.147924,19.057983 -19.4375,13.5 -19.271378,9.0147149 -18.006729,6.413044 -15,3 -10.630622,-0.85533361 -5.5443677,-0.79205254 0,0 Z"
       fill="#1f060f"
       transform="translate(121,157)"
       id="path13" /><path
       d="m 0,0 c 3.2489405,2.3206718 4.837272,4.299544 6.625,7.875 0,2.31 0,4.62 0,7 -6.6,0 -13.2,0 -20,0 0.66,1.65 1.32,3.3 2,5 2.3329478,0.04242 4.6670257,0.04093 7,0 0.33,-0.33 0.66,-0.66 1,-1 1.6860897,-0.07205 3.37500659,-0.08386 5.0625,-0.0625 0.9191016,0.009 1.8382031,0.01805 2.7851562,0.02734 0.7102735,0.0116 1.4205469,0.0232 2.1523438,0.03516 -1.1785998,3.354476 -2.1189965,5.839247 -5,8 -5.1168925,2.260952 -10.6382244,3.299172 -15.960938,1.242187 C -19.139969,25.542875 -21.671707,22.984879 -23.375,17.875 -23.965307,13.600875 -24.335607,9.5896996 -22.175781,5.734375 -16.113331,-1.5344574 -8.9914342,-2.9971447 0,0 Z"
       fill="#e1282f"
       transform="translate(268.375,165.125)"
       id="path14" /><path
       d="m 0,0 c 2.8730597,1.404607 4.74511,2.74511 7,5 0.2270508,2.4301758 0.2270508,2.4301758 0.1953125,5.445313 -0.00645,1.076367 -0.012891,2.152734 -0.019531,3.261718 -0.016758,1.12793 -0.033516,2.25586 -0.050781,3.417969 -0.00902,1.135664 -0.018047,2.271328 -0.027344,3.441406 C 7.074031,23.377813 7.0410901,26.188803 7,29 4.03,29 1.06,29 -2,29 -2.0605859,27.723828 -2.1211719,26.447656 -2.1835938,25.132812 -2.2679957,23.46353 -2.3526439,21.79426 -2.4375,20.125 -2.476816,19.283242 -2.516133,18.441484 -2.5566406,17.574219 -2.5985356,16.768555 -2.6404296,15.962891 -2.6835938,15.132813 -2.7202518,14.389185 -2.7569088,13.645557 -2.7946777,12.879395 -2.8995587,10.911357 -2.8995587,10.911357 -4,9 c -1.98,0 -3.96,0 -6,0 -1.118238,2.236476 -1.193961,3.648915 -1.316406,6.132813 -0.0419,0.805664 -0.08379,1.611328 -0.126953,2.441406 -0.05898,1.262636 -0.05898,1.262636 -0.119141,2.550781 -0.04318,0.849492 -0.08637,1.698984 -0.130859,2.574219 C -11.799542,24.799282 -11.900285,26.899619 -12,29 c -3.3,0 -6.6,0 -10,0 0,-9.24 0,-18.48 0,-28 3.3,0 6.6,0 10,0 0.33,0.66 0.66,1.32 1,2 0.515625,-0.495 1.03125,-0.99 1.5625,-1.5 C -6.0870925,-0.56178923 -3.8760845,-0.40800889 0,0 Z"
       fill="#e0242f"
       transform="translate(395,164)"
       id="path15" /><path
       d="M 0,0 C 0.99,0 1.98,0 3,0 3,0.66 3,1.32 3,2 3.639375,2.2475 4.27875,2.495 4.9375,2.75 8,4 8,4 9.8085938,5.0234375 20.301355,10.616932 32.143797,8.391148 43.171875,5.5585937 46,5 46,5 49,6 39.079484,21.115579 39.079484,21.115579 30,23 22.60687,23.748526 16.266517,23.236685 10,19 6.0044941,15.340636 2.3770845,11.355328 1,6 1,5.01 1,4.02 1,3 0.01,3.33 -0.98,3.66 -2,4 -1.34,2.68 -0.68,1.36 0,0 Z"
       fill="#260f18"
       transform="translate(127,106)"
       id="path16" /><path
       d="m 0,0 c 3.8214156,1.4215948 5.7348543,3.6022814 8,7 0.3685147,3.390335 0.1956601,5.53259 -1.125,8.6875 -2.9823069,3.678178 -5.7845887,5.05742 -10.5,5.632812 C -9.5949671,21.563654 -13.388,21.1508 -18,17 c -1.9375,-1.8125 -1.9375,-1.8125 -3,-4 0,-4.4840425 0.517142,-6.4304753 3.4375,-9.875 C -12.311688,-1.229332 -6.5935541,-0.59285906 0,0 Z"
       fill="#1e060f"
       transform="translate(128,203)"
       id="path17" /><path
       d="m 0,0 c 3,2 3,2 5,5 0.7112754,5.601294 0.1968656,9.204702 -3,14 -3.9702497,4.253839 -7.0407056,5.842759 -12.878906,6.207031 C -14.211581,24.881743 -15.824533,23.4474 -18,21 -19.206436,17.380693 -19.322686,14.80769 -19,11 -14.892585,3.2415489 -8.9839342,-1.4772817 0,0 Z"
       fill="#1f0811"
       transform="translate(82,134)"
       id="path18" /><path
       d="M 0,0 C 1.4637305,0.74056641 1.4637305,0.74056641 2.9570313,1.4960937 4.242134,2.1433353 5.5272932,2.7904649 6.8125,3.4375 7.7763965,3.9257324 7.7763965,3.9257324 8.7597656,4.4238281 13.17128,6.641014 16.585673,8.1258165 21.527344,8.1328125 c 0.874629,0.00129 1.749258,0.00258 2.65039,0.00391 0.910723,-0.00387 1.821446,-0.00773 2.759766,-0.011719 0.906855,0.00387 1.813711,0.00773 2.748047,0.011719 1.313877,-0.00193 1.313877,-0.00193 2.654297,-0.00391 1.196773,-0.00169 1.196773,-0.00169 2.417724,-0.00342 C 36.960804,8.0022617 38.88384,7.6089366 41,7 c 0.839056,1.1207386 1.671078,2.2467455 2.5,3.375 0.464062,0.626484 0.928125,1.252969 1.40625,1.898438 C 46,14 46,14 46,16 c -1.65,0.33 -3.3,0.66 -5,1 -0.03738,0.675469 -0.07477,1.350937 -0.113281,2.046875 -0.06574,0.892031 -0.131485,1.784062 -0.199219,2.703125 -0.08701,1.322578 -0.08701,1.322578 -0.175781,2.671875 C 39.925142,27.377146 39.081153,28.839565 37,31 34.0625,31.5 34.0625,31.5 31,31 28.131501,28.768945 26.180582,26.443363 25,23 24.92226,20.667962 24.91032,18.331609 25,16 23.88625,15.95875 22.7725,15.9175 21.625,15.875 13.781332,14.901495 6.5501234,9.4078125 1,4 0.34765625,1.8515625 0.34765625,1.8515625 0,0 Z"
       fill="#b5212c"
       transform="translate(122,129)"
       id="path19" /><path
       d="M 0,0 C 0,3.3 0,6.6 0,10 -1.27875,9.95875 -2.5575,9.9175 -3.875,9.875 -6.0187149,9.7578713 -6.0187149,9.7578713 -8,10 c -3.020932,3.020932 -2.466768,6.563721 -2.625,10.625 -0.05801,1.202695 -0.05801,1.202695 -0.117188,2.429687 C -10.836539,25.036076 -10.919362,27.018006 -11,29 c -3.3,0 -6.6,0 -10,0 0,-9.24 0,-18.48 0,-28 3.3,0 6.6,0 10,0 0.33,0.66 0.66,1.32 1,2 C -8.9171875,2.2575 -8.9171875,2.2575 -7.8125,1.5 -5,0 -5,0 0,0 Z"
       fill="#e1292f"
       transform="translate(336,164)"
       id="path20" /><path
       d="M 0,0 C 2,2 2,2 2.5,5.4375 2.3710968,11.302595 -0.6917441,16.303187 -4,21 -6.4370979,23.165789 -7.4165918,23.945729 -10.6875,24.25 -13,24 -13,24 -14,23 -15.086485,15.42211 -13.731882,10.364016 -9.6054688,3.9960938 -6.7260593,0.41609804 -4.4617469,-0.45761507 0,0 Z"
       fill="#20060f"
       transform="translate(169,180)"
       id="path21" /><path
       d="M 0,0 C 2.97,0 5.94,0 9,0 9,9.24 9,18.48 9,28 6.03,28 3.06,28 0,28 0,18.76 0,9.52 0,0 Z"
       fill="#e02130"
       transform="translate(232,165)"
       id="path22" /><path
       d="M 0,0 C 1.5043359,0.01353516 1.5043359,0.01353516 3.0390625,0.02734375 3.8099219,0.03894531 4.5807812,0.05054687 5.375,0.0625 c -4.1766181,4.3313076 -7.6368022,7.7123021 -13.5,9.375 -4.839957,1.460054 -6.679963,3.48307 -9.5,7.625 -1.319803,2.639606 -1.442804,5.070074 -1.8125,8 -0.893158,6.129379 -2.583003,11.399066 -5.1875,17 -0.99,-0.66 -1.98,-1.32 -3,-2 -1.166503,-10.498524 2.833734,-19.235164 8.992188,-27.566406 C -8.2439455,-0.09585983 -8.2439455,-0.09585983 0,0 Z"
       fill="#f9f0f1"
       transform="translate(82.625,125.9375)"
       id="path23" /><path
       d="M 0,0 C 2.3027556,1.8670991 3.6782387,3.3564774 5,6 5.409905,10.083284 5.538778,13.772783 3.875,17.5625 2,19 2,19 -0.9375,19.5 -4.6184781,18.899024 -5.7143491,17.878227 -8,15 -9.2269107,12.546179 -9.2017593,10.800159 -9.25,8.0625 -9.2757813,7.1872266 -9.3015625,6.3119531 -9.328125,5.4101562 -9,3 -9,3 -7.6679687,1.2109375 -5.0429036,-0.69484753 -3.1456907,-0.44938439 0,0 Z"
       fill="#1f060f"
       transform="translate(157,141)"
       id="path24" /><path
       d="M 0,0 C 0.66,0.33 1.32,0.66 2,1 0.80646337,5.9233386 -2.2041906,8.0751783 -5.9101562,11.191406 -14.629587,18.737381 -20.41282,29.288394 -21.5,40.8125 c -0.05156,0.76957 -0.103125,1.539141 -0.15625,2.332031 C -21.769687,43.756836 -21.883125,44.369141 -22,45 c -0.99,0.495 -0.99,0.495 -2,1 -1.002595,3.007785 -1.303146,5.538206 -1.5625,8.6875 -0.08379,0.993867 -0.167578,1.987734 -0.253906,3.011719 C -25.876992,58.458477 -25.937578,59.217734 -26,60 c -0.33,0 -0.66,0 -1,0 C -27.70564,39.640978 -23.310498,23.267407 -9.140625,7.9960937 -6.2745349,5.0626383 -3.4030648,2.3140841 0,0 Z"
       fill="#d82937"
       transform="translate(77,121)"
       id="path25" /><path
       d="M 0,0 C 3.0411339,0.92511804 4.6637954,1.5459162 6.5820312,4.1367187 9.0446489,9.2417643 10.82928,13.195039 10,19 9.34,19.99 8.68,20.98 8,22 6.25,21.875 6.25,21.875 4,21 0.03581979,15.986478 -2,11.400036 -2,5 -1.34,4.67 -0.68,4.34 0,4 -0.33,3.01 -0.66,2.02 -1,1 -0.67,0.67 -0.34,0.34 0,0 Z"
       fill="#2b161e"
       transform="translate(140,80)"
       id="path26" /><path
       d="m 0,0 c 3.5625,0.3125 3.5625,0.3125 5.5625,1.375 1.6337885,3.1654652 0.8526756,5.5877029 0,8.9375 -3,2 -3,2 -6.5625,1.8125 C -4.4375,11.3125 -4.4375,11.3125 -6.4375,8.3125 -6.0110887,3.0889614 -5.6602992,0.51457266 0,0 Z"
       fill="#fce416"
       transform="translate(458.4375,172.6875)"
       id="path27" /><path
       d="M 0,0 C 3.5625,0.3125 3.5625,0.3125 5.5,1.4375 7.084754,4.2341247 7.0219742,6.1618196 6.5625,9.3125 5,11.25 5,11.25 2.5625,12.3125 c -3.6875,-0.1875 -3.6875,-0.1875 -7,-1 -1.506621,-3.0132419 -1.1777037,-5.6828638 -1,-9 2,-2 2,-2 5.4375,-2.3125 z"
       fill="#fce715"
       transform="translate(293.4375,172.6875)"
       id="path28" /><path
       d="M 0,0 C 1.875,1.125 1.875,1.125 3,3 3.3936557,6.1492455 3.5285453,8.1190912 1.875,10.875 -0.88090884,12.528545 -2.8507545,12.393656 -6,12 -7.875,10.875 -7.875,10.875 -9,9 -9.3936557,5.8507545 -9.5285453,3.8809088 -7.875,1.125 -5.1190912,-0.52854531 -3.1492455,-0.39365568 0,0 Z"
       fill="#fce815"
       transform="translate(356,173)"
       id="path29" /><path
       d="m 0,0 c 4.8148456,2.0473382 6.9968406,5.2455133 9,10 0.3826754,3.056679 0.3186917,5.94056 0,9 C 5.8260218,18.061143 4.3163536,17.462423 2.4179688,14.6875 2.0119141,13.800625 1.6058594,12.91375 1.1875,12 0.76855469,11.113125 0.34960938,10.22625 -0.08203125,9.3125 -1,7 -1,7 -1,5 -0.34,4.67 0.32,4.34 1,4 0.67,2.68 0.34,1.36 0,0 Z"
       fill="#29151d"
       transform="translate(167,74)"
       id="path30" /><path
       d="M 0,0 C 0.66,0.66 1.32,1.32 2,2 1.4230769,8.5769231 1.4230769,8.5769231 0,10 -3.4375,10.25 -3.4375,10.25 -7,10 -9.1476218,6.7785672 -9.561068,5.7404533 -9,2 -6.0755743,-1.2493619 -4.0499684,-1.3855155 0,0 Z"
       fill="#e22c2f"
       transform="translate(240,151)"
       id="path31" /><path
       d="M 0,0 C 0.99,0 1.98,0 3,0 2.566875,1.85625 2.566875,1.85625 2.125,3.75 1.0139605,8.6636114 0.26764031,13.607401 -0.4375,18.59375 -0.623125,19.387812 -0.80875,20.181875 -1,21 c -0.66,0.33 -1.32,0.66 -2,1 -1.0025951,3.007785 -1.3031464,5.538206 -1.5625,8.6875 -0.083789,0.993867 -0.1675781,1.987734 -0.2539062,3.011719 C -4.8769922,34.458477 -4.9375781,35.217734 -5,36 -5.33,36 -5.66,36 -6,36 -6.4398232,23.310286 -5.6811284,11.632787 0,0 Z"
       fill="#cc212f"
       transform="translate(56,145)"
       id="path32" /><path
       d="m 0,0 c 2.64,0.33 5.28,0.66 8,1 0.33,0.99 0.66,1.98 1,3 2.31,0.33 4.62,0.66 7,1 0.66,1.65 1.32,3.3 2,5 C 12.726704,10.316398 9.4880378,9.8294152 5,7 2.125,4.4375 2.125,4.4375 0,2 0,1.34 0,0.68 0,0 Z"
       fill="#d01e2d"
       transform="translate(134,117)"
       id="path33" /><path
       d="M 0,0 C 0.33,0.99 0.66,1.98 1,3 -0.41538717,3.3387251 -1.8323796,3.6707462 -3.25,4 -4.0389062,4.185625 -4.8278125,4.37125 -5.640625,4.5625 -8,5 -8,5 -12,5 c -0.33,1.32 -0.66,2.64 -1,4 -0.33,-0.99 -0.66,-1.98 -1,-3 -2.97,0 -5.94,0 -9,0 5.45771,-5.45770983 15.5717868,-6.58260496 23,-6 z"
       fill="#ca2836"
       transform="translate(109,111)"
       id="path34" /><path
       d="M 0,0 C 3,0.25 3,0.25 5,2.25 4.6331834,5.1845326 4.1356275,6.1143725 2,8.25 -1,8.5 -1,8.5 -4,8.25 -4.66,7.59 -5.32,6.93 -6,6.25 -5.4845037,2.1260297 -4.310119,0.35917658 0,0 Z"
       fill="#612e36"
       transform="translate(171,101.75)"
       id="path35" /><path
       d="M 0,0 C 6.75,-0.125 6.75,-0.125 9,1 9.0425436,2.9995475 9.0408078,5.0004164 9,7 8,8 8,8 6.1523437,8.0976563 4.1015625,8.0651042 2.0507813,8.0325521 0,8 0,5.36 0,2.72 0,0 Z"
       fill="#fce915"
       transform="translate(207,176)"
       id="path36" /><path
       d="M 0,0 C 0.33,0.99 0.66,1.98 1,3 -1.288557,3.8634373 -3.5801928,4.7159811 -5.875,5.5625 -6.5259766,5.8093555 -7.1769531,6.0562109 -7.8476562,6.3105469 -9.5449767,6.9317311 -11.271568,7.4715225 -13,8 c -0.66,-0.33 -1.32,-0.66 -2,-1 0.625,-2.375 0.625,-2.375 2,-5 4.3341338,-2.11667001 8.2335563,-2.19065775 13,-2 z"
       fill="#fdeff0"
       transform="translate(110,114)"
       id="path37" /><path
       d="M 0,0 C 2.375,-0.125 2.375,-0.125 5,0 5.66,0.66 6.32,1.32 7,2 6.625,4.625 6.625,4.625 6,7 4.02,7.33 2.04,7.66 0,8 0,5.36 0,2.72 0,0 Z"
       fill="#fbdc18"
       transform="translate(207,160)"
       id="path38" /><path
       d="M 0,0 C 2.31,0 4.62,0 7,0 7.66,1.32 8.32,2.64 9,4 5.37,4 1.74,4 -2,4 -1.34,2.68 -0.68,1.36 0,0 Z"
       fill="#fbd91a"
       transform="translate(257,171)"
       id="path39" /><path
       d="M 0,0 C 1.6754298,0.28604898 3.3438534,0.61781233 5,1 4.67,2.32 4.34,3.64 4,5 2.02,5 0.04,5 -2,5 -1.125,1.125 -1.125,1.125 0,0 Z"
       fill="#e44854"
       transform="translate(169,103)"
       id="path40" /></g></svg>
