<?xml version="1.0" encoding="UTF-8" standalone="no"?>
<svg
   viewBox="0 0 595.27557 841.88977"
   width="595.27557pt"
   height="841.88977pt"
   version="1.1"
   id="svg1"
   sodipodi:docname="pink_master_pin.svg"
   xml:space="preserve"
   xmlns:inkscape="http://www.inkscape.org/namespaces/inkscape"
   xmlns:sodipodi="http://sodipodi.sourceforge.net/DTD/sodipodi-0.dtd"
   xmlns="http://www.w3.org/2000/svg"
   xmlns:svg="http://www.w3.org/2000/svg"><defs
     id="defs1" /><sodipodi:namedview
     id="namedview1"
     pagecolor="#ffffff"
     bordercolor="#000000"
     borderopacity="0.25"
     inkscape:showpageshadow="2"
     inkscape:pageopacity="0.0"
     inkscape:pagecheckerboard="0"
     inkscape:deskcolor="#d1d1d1"
     inkscape:document-units="pt"
     showgrid="false"
     inkscape:lockguides="true"><inkscape:page
       x="0"
       y="0"
       width="595.27557"
       height="841.88977"
       id="page2"
       margin="0"
       bleed="0" /></sodipodi:namedview><g
     id="g1"
     transform="matrix(0.08485019,0,0,0.07898729,2.5059302,1.9144773)"><path
       d="m 86.72291,42.301144 c 9.600466,5.23049 17.76999,11.338787 24.35498,20.673912 0,1.326081 0,2.652163 0,4.018428 0.82611,0 1.65221,0 2.50334,0 0.20653,-0.939308 0.41305,-1.878616 0.62583,-2.846387 5.65505,-11.599201 20.80388,-17.466315 31.91757,-21.264183 9.18593,-2.350734 19.34645,-3.166694 27.77629,1.988285 6.39395,5.734105 9.47049,14.737296 12.98117,22.624588 2.39319,5.287394 4.76708,8.137249 9.30929,11.552982 2.75203,4.422476 2.47947,6.952279 1.56459,12.055286 -1.41494,14.202115 4.54422,28.062085 8.85946,41.272615 0.45824,1.40896 0.91646,2.81792 1.38857,4.26957 0.41144,1.18795 0.82288,2.3759 1.24678,3.59984 0.77395,3.38149 0.53165,5.20917 -0.54271,8.45545 -8.29231,1.33947 -8.29231,1.33947 -12.51669,1.33947 -2.16852,0.66304 -2.16852,0.66304 -4.38084,1.33948 -4.38084,1.33948 -4.38084,1.33948 -8.13585,1.33948 0,0.88405 0,1.7681 0,2.67895 -1.74078,1.09989 -3.48952,2.18538 -5.24136,3.26497 -0.97293,0.60606 -1.94586,1.21212 -2.94827,1.83655 -9.18042,4.76384 -23.02506,4.47663 -32.86608,2.08246 -1.82026,-0.68968 -3.62941,-1.41442 -5.42228,-2.18188 -7.44494,-3.13354 -15.75384,-2.4755 -23.61547,-2.32315 0,-0.88405 0,-1.7681 0,-2.67895 -1.23914,0.66304 -1.23914,0.66304 -2.50334,1.33948 -5.36327,0.54146 -7.91917,0.61386 -12.438454,-2.67896 -0.85192,-0.88405 -1.70384,-1.7681 -2.58156,-2.67895 0.82609,-3.09419 1.65219,-6.18838 2.50332,-9.37633 -0.66797,0.63023 -1.33595,1.26047 -2.02417,1.9098 -11.391455,10.18694 -22.086486,12.79961 -36.777553,11.48496 -13.783455,-1.64839 -28.080626,-3.72399 -38.019442,-15.06911 -7.31229,-10.33735 -9.862833,-20.19874 -8.292307,-33.15203 1.861352,-7.190133 5.093563,-13.583521 8.292307,-20.175862 2.574138,-5.333072 3.869918,-10.229253 4.899109,-16.099874 0.756118,-3.366929 2.001427,-5.536883 4.331949,-7.926978 0.826101,0 1.652203,0 2.503337,0 0.327537,-0.951395 0.655072,-1.902789 0.992535,-2.883014 1.595872,-4.029144 3.484699,-7.559172 5.656956,-11.265203 0.717999,-1.244928 1.435996,-2.489855 2.175753,-3.772509 11.525746,-16.585805 29.539684,-10.489196 44.42324,-2.753186 z"
       fill="#1b100a"
       id="path2"
       style="stroke-width:1.29482" /><path
       d="m 28.467751,76.369817 c 1.116528,0.467927 2.233055,0.935854 3.383417,1.417961 2.19756,0.91427 2.19756,0.91427 4.439513,1.847012 1.452132,0.606061 2.904263,1.212121 4.400399,1.836547 3.034093,1.196035 5.904422,2.209265 9.055042,2.935337 0,-2.652163 0,-5.304326 0,-8.036857 0.664753,0.54908 1.329506,1.098161 2.014405,1.663881 0.884186,0.721746 1.768372,1.443494 2.679353,2.187113 1.306919,1.07226 1.306919,1.07226 2.640239,2.166183 4.995752,3.765765 9.128626,5.152691 15.196042,6.038108 -2.065253,-3.09419 -4.130507,-6.18838 -6.258344,-9.376333 7.814365,0.52266 13.703688,6.370529 18.775034,12.306437 2.00113,6.022999 1.746715,12.174784 1.251665,18.501514 -0.413052,0.88406 -0.826093,1.76811 -1.251665,2.67896 1.11007,-0.91169 2.22015,-1.82337 3.363857,-2.76268 4.146152,-2.59523 4.146152,-2.59523 7.744708,-2.26036 0.87773,0.33152 1.75546,0.66304 2.65978,1.00461 0.93876,2.9301 0.93876,2.9301 1.25168,6.69738 -2.24516,3.91543 -3.73564,6.2062 -7.822932,7.7857 -0.722833,0.0829 -1.445676,0.16577 -2.190413,0.25116 0,0.88405 0,1.7681 0,2.67894 1.239145,0.44203 2.4783,0.88406 3.755005,1.33948 0.58886,5.4878 0.85889,10.60872 0,16.07372 -2.805569,3.59827 -5.962387,5.07266 -10.013349,6.69737 -1.342416,0.58017 -2.684832,1.16032 -4.067931,1.75806 -15.373416,3.01619 -36.410795,1.5356 -49.924963,-7.75953 -7.342691,-6.40814 -12.555436,-13.1678 -14.237734,-23.31003 -0.741684,-14.63963 4.36704,-25.189605 10.729333,-37.846415 1.335718,-2.6833 1.335718,-2.6833 2.427859,-6.513268 z"
       fill="#f6dcc9"
       id="path5"
       style="stroke-width:1.29482" /><path
       d="m 148.62797,87.085626 c 0.82609,0 1.65219,0 2.50333,0 0.41305,1.768109 0.8261,3.536217 1.25167,5.357904 0.83416,-0.112233 1.66834,-0.224466 2.52778,-0.340101 7.6239,-0.901455 14.62449,-0.897694 22.23669,0.130808 2.82327,0.466099 2.82327,0.466099 5.27559,-1.130182 0,0.884053 0,1.768108 0,2.678955 3.71745,1.326074 7.43491,2.652158 11.26501,4.018427 1.16942,39.073273 1.16942,39.073273 -10.01335,53.579043 -7.96863,8.52765 -17.45243,9.78028 -28.24078,9.87864 -9.91644,-0.10194 -16.33578,-1.46775 -24.64223,-7.45084 -8.60941,-9.42277 -9.92704,-19.56832 -9.93512,-32.23114 -0.0153,-1.24493 -0.0306,-2.48986 -0.0465,-3.7725 -0.0143,-7.21028 0.55884,-13.18739 2.78448,-20.003203 2.39601,-0.486918 2.39601,-0.486918 4.84044,-0.983682 2.08959,-0.452257 4.17896,-0.905797 6.26812,-1.360406 1.0536,-0.210645 2.1072,-0.421301 3.19273,-0.638337 1.00843,-0.224472 2.01685,-0.448934 3.05584,-0.680203 1.39615,-0.294613 1.39615,-0.294613 2.82053,-0.595178 2.59539,-0.925626 2.59539,-0.925626 3.92736,-3.885008 0.30635,-0.849089 0.61271,-1.698178 0.92836,-2.572997 z"
       fill="#f4dbc9"
       id="path10"
       style="stroke-width:1.29482" /><path
       d="m 148.62797,87.085626 c 0.82609,0 1.65219,0 2.50333,0 0.41305,1.768109 0.8261,3.536217 1.25167,5.357904 0.83416,-0.112233 1.66834,-0.224466 2.52778,-0.340101 7.6239,-0.901455 14.62449,-0.897694 22.23669,0.130808 2.82327,0.466099 2.82327,0.466099 5.27559,-1.130182 0,0.884053 0,1.768108 0,2.678955 3.71745,1.326074 7.43491,2.652158 11.26501,4.018427 0.0679,4.716353 0.11738,9.431573 0.15646,14.148223 0.021,1.32694 0.0419,2.65389 0.0635,4.02104 0.0463,7.45128 -0.3817,13.64119 -2.72335,20.67554 -0.23235,-0.77354 -0.46469,-1.5471 -0.70407,-2.34408 -2.69176,-4.50876 -5.93901,-6.65453 -10.56095,-8.37173 -5.41863,-0.81777 -10.80442,-1.1635 -16.2717,-1.33947 -0.0613,-1.03255 -0.12263,-2.06509 -0.18579,-3.12893 -0.0936,-1.34335 -0.18717,-2.6867 -0.28359,-4.07076 -0.13069,-2.00466 -0.13069,-2.00466 -0.26402,-4.04982 -0.22243,-3.69247 -0.22243,-3.69247 -3.02161,-6.16368 -0.82609,0 -1.6522,0 -2.50333,0 -0.41305,0.88406 -0.8261,1.76811 -1.25168,2.67895 -0.41305,-0.88405 -0.8261,-1.7681 -1.25166,-2.67895 -0.41305,6.18838 -0.8261,12.37676 -1.25168,18.75266 -7.02186,0 -14.04372,0 -21.27837,0 -1.60611,-5.15636 -1.33482,-9.30585 -1.25166,-14.73423 -0.82611,0 -1.65221,0 -2.50334,0 -0.41305,1.76811 -0.82611,3.53622 -1.25167,5.3579 -1.00074,-4.4028 -1.37256,-6.30924 0,-10.71581 -0.8261,0 -1.6522,0 -2.50334,0 -0.41305,1.76812 -0.8261,3.53622 -1.25166,5.35791 -0.8261,0 -1.65221,0 -2.50334,0 0.41305,-3.97825 0.8261,-7.95649 1.25166,-12.055283 6.98389,-3.102346 13.36355,-4.755078 20.87745,-5.729402 3.11972,-0.673585 3.11972,-0.673585 4.55686,-3.735887 0.42112,-1.282051 0.42112,-1.282051 0.85075,-2.590002 z"
       fill="#e3d0c1"
       id="path13"
       style="stroke-width:1.29482" /><path
       d="m 80.260435,42.234105 c 12.622111,5.537083 25.061595,13.580352 31.080875,27.11916 1.69548,5.143667 1.61645,10.073525 1.45764,15.471995 -0.002,1.067945 -0.003,2.135888 -0.005,3.236196 -0.074,5.23069 -0.20461,7.983345 -2.96782,12.418934 -0.65023,-1.001473 -1.30047,-2.002933 -1.9704,-3.034748 -0.87289,-1.319181 -1.74579,-2.638352 -2.64513,-3.997508 -1.28514,-1.958038 -1.28514,-1.958038 -2.59624,-3.955637 -2.745844,-3.671803 -5.633484,-6.201619 -9.059924,-9.104252 0,-0.884054 0,-1.768108 0,-2.678952 -1.652208,-0.442027 -3.304415,-0.884054 -5.00668,-1.339476 0,-0.884055 0,-1.768108 0,-2.678953 -1.090891,-0.372961 -2.181602,-0.74592 -3.30537,-1.130182 -3.91272,-1.441178 -7.621185,-3.104116 -11.401919,-4.89746 C 61.818153,62.282602 50.167721,61.120783 37.229442,60.296103 47.575026,36.928277 57.619593,33.26729 80.260435,42.234105 Z"
       fill="#eeac1e"
       id="path14"
       style="stroke-width:1.29482" /><path
       d="m 36.44714,84.071804 c 4.5373,0.33487 4.5373,0.33487 6.683716,1.888871 2.249526,3.446367 1.980355,5.926403 1.843278,10.082694 -0.03388,1.331267 -0.06776,2.662518 -0.102681,4.034131 -0.04356,1.01701 -0.08713,2.03402 -0.132012,3.08185 0.826102,0 1.652203,0 2.503338,0 0.413051,2.65215 0.826101,5.30432 1.251669,8.03685 1.115617,-3.58164 1.849109,-7.01516 2.503337,-10.71581 3.755007,-1.339473 3.755007,-1.339473 6.258345,-1.339473 1.36382,-1.32857 2.688592,-2.703398 3.989694,-4.102155 3.705532,-3.525792 4.296624,-3.934707 9.543976,-3.934707 3.989695,1.339475 3.989695,1.339475 6.493032,4.018429 0.849963,8.814946 0.323832,17.129936 -2.503337,25.450046 -2.876869,-0.68415 -5.414085,-1.52477 -8.135849,-2.76267 -3.353495,-1.56931 -3.353495,-1.56931 -8.135847,-1.25576 0.413051,0.88406 0.826102,1.76812 1.251669,2.67896 -0.966943,7.14839 -2.039156,15.05902 -6.962408,20.34329 -5.065865,4.03118 -9.3373,4.65538 -15.567633,3.76728 -5.37875,-3.42254 -6.539555,-9.20363 -8.096732,-15.36213 -1.31927,-6.7269 -0.916202,-12.82979 0.58672,-19.46425 -0.826102,-0.44203 -1.652204,-0.88405 -2.503338,-1.33948 -1.510058,-4.84798 -1.655565,-8.294453 -1.251669,-13.39476 4.975294,-9.274628 4.975294,-9.274628 10.482727,-9.711206 z"
       fill="#edd8c8"
       id="path15"
       style="stroke-width:1.29482" /><path
       d="m 78.534507,71.011913 c 2.122642,1.272065 4.234131,2.57428 6.258344,4.018428 0.413052,-0.884055 0.826104,-1.768109 1.251665,-2.678953 0.826104,0.442027 1.652207,0.884055 2.50334,1.339476 0,0.884055 0,1.76811 0,2.678953 0.697028,0.08288 1.394046,0.16576 2.112191,0.251151 7.963819,2.994392 15.512793,14.700573 19.166183,22.519949 0.8261,-0.88406 1.6522,-1.768119 2.50334,-2.67896 0,2.21014 0,4.420273 0,6.697393 -0.82611,0 -1.65221,0 -2.50334,0 0.29042,1.09988 0.58085,2.19977 0.88008,3.33299 0.49259,6.23561 -1.2533,10.10875 -3.69634,15.67082 -0.39208,0.95226 -0.78415,1.90451 -1.1881,2.88562 -1.98306,4.68023 -3.71038,8.06924 -7.260674,11.59746 -0.82609,0.88406 -1.65219,1.76811 -2.50332,2.67896 -0.34528,-2.59054 -0.65072,-5.18718 -0.93876,-7.78571 -0.17425,-1.44522 -0.34851,-2.89045 -0.52805,-4.37945 0.10649,-1.93474 0.10649,-1.93474 0.21513,-3.90855 2.386,-2.1348 2.386,-2.1348 5.00668,-4.01843 1.127054,-3.01593 1.127054,-3.01593 1.564584,-6.2788 0.18716,-1.08262 0.37433,-2.16524 0.56717,-3.28067 0.12262,-0.82362 0.24524,-1.64724 0.37159,-2.49582 -3.914294,-2.48151 -3.914294,-2.48151 -8.370534,-1.75806 -3.292798,1.54338 -3.292798,1.54338 -4.146155,5.77649 -2.581572,0.92089 -2.581572,0.92089 -5.00668,1.33948 0.05804,-1.16378 0.116173,-2.32755 0.176019,-3.52659 0.332885,-9.529383 0.332885,-9.529383 -2.053526,-18.574774 -3.964298,-4.242407 -8.245182,-7.17121 -13.14252,-10.046071 -0.413051,0.442027 -0.826102,0.884055 -1.251669,1.339476 0.619576,0.607788 1.239152,1.215575 1.877503,1.84178 1.877503,2.176648 1.877503,2.176648 1.877503,4.855601 -7.057958,1.162014 -10.79857,-1.849109 -16.330366,-6.017178 -2.444667,-2.019679 -2.444667,-2.019679 -4.948005,-4.698631 -0.41305,2.210136 -0.826101,4.420271 -1.251668,6.697381 -7.467016,-0.680072 -13.315377,-3.195885 -20.026702,-6.697381 -0.826102,0.884054 -1.652203,1.768108 -2.503338,2.678952 0,-1.768108 0,-3.536216 0,-5.357904 0.826102,0 1.652203,0 2.503338,0 -0.154894,-0.994561 -0.309789,-1.989122 -0.469377,-3.013822 0.469377,-3.683559 0.469377,-3.683559 3.129173,-6.781098 13.226522,-8.304356 33.417243,-0.421871 46.155291,5.776492 z"
       fill="#4d2d19"
       id="path16"
       style="stroke-width:1.29482" /><path
       d="m 157.85902,43.971238 c 1.40373,-0.01899 2.80746,-0.03799 4.25372,-0.05755 5.87512,0.449091 9.16026,1.832069 13.4261,6.168915 2.98442,4.047549 4.64837,8.436234 6.45392,13.195933 0.82893,2.172042 0.82893,2.172042 1.67459,4.387961 0.41548,1.103989 0.83095,2.207977 1.25901,3.345421 -0.90717,-0.02806 -1.81436,-0.05612 -2.74903,-0.08504 -4.19445,-0.11282 -8.38863,-0.181519 -12.58392,-0.249839 -1.42631,-0.04489 -2.85262,-0.08978 -4.32216,-0.136041 -13.27731,-0.161462 -24.63134,3.114653 -35.96593,10.516981 -1.18591,0.759733 -2.37181,1.519468 -3.59365,2.302224 -3.37795,2.392455 -6.47286,5.029147 -9.6271,7.743847 -0.41305,0 -0.8261,0 -1.25166,0 -0.34756,-3.404035 -0.65413,-6.803329 -0.93876,-10.213506 -0.10161,-0.954847 -0.20329,-1.909694 -0.30802,-2.893477 -0.40183,-5.207923 -0.23274,-7.838149 2.00951,-12.625608 6.15037,-7.678813 12.14038,-11.668819 20.75032,-15.4563 1.33475,-0.60865 1.33475,-0.60865 2.69646,-1.229597 6.62005,-2.999062 11.62542,-4.670303 18.8166,-4.714328 z"
       fill="#fab714"
       id="path17"
       style="stroke-width:1.29482" /><path
       d="m 28.467751,76.369817 c 1.116528,0.467927 2.233055,0.935854 3.383417,1.417961 2.19756,0.91427 2.19756,0.91427 4.439513,1.847012 1.452132,0.606061 2.904263,1.212121 4.400399,1.836547 3.034093,1.196035 5.904422,2.209265 9.055042,2.935337 0,-2.652163 0,-5.304326 0,-8.036857 0.664753,0.54908 1.329506,1.098161 2.014405,1.663881 0.884186,0.721746 1.768372,1.443494 2.679353,2.187113 1.306919,1.07226 1.306919,1.07226 2.640239,2.166183 4.995752,3.765765 9.128626,5.152691 15.196042,6.038108 -2.065253,-3.09419 -4.130507,-6.18838 -6.258344,-9.376333 7.814365,0.52266 13.703688,6.370529 18.775034,12.306437 2.371678,7.138291 2.231211,15.356734 0,22.519944 1.239156,0 2.478301,0 3.755005,0 0,1.32609 0,2.65216 0,4.01843 -1.239156,0.44202 -2.478301,0.88406 -3.755005,1.33948 -2.879164,-1.96073 -5.096571,-4.11464 -7.510019,-6.69738 -0.06849,-3.29637 -0.06849,-3.29637 0.156463,-7.19969 0.103975,-5.895913 0.103975,-5.895913 -2.11219,-11.218114 -4.54512,-2.494344 -6.983057,-1.966988 -11.812625,-0.334866 -2.561059,2.487204 -4.249341,4.974817 -6.258344,8.03685 -2.065254,-0.44202 -4.130508,-0.88405 -6.258346,-1.33947 0,3.53622 0,7.07243 0,10.71581 -0.826101,0 -1.652203,0 -2.503337,0 -0.413051,-2.65216 -0.826102,-5.30433 -1.251669,-8.03685 -0.826102,0 -1.652203,0 -2.503338,0 -0.0613,-1.03255 -0.122626,-2.0651 -0.185794,-3.12894 -0.09359,-1.343343 -0.187164,-2.686698 -0.283582,-4.070752 -0.08713,-1.336438 -0.174255,-2.672887 -0.264023,-4.049824 -0.222425,-3.69247 -0.222425,-3.69247 -3.021607,-6.163685 -4.274444,-0.893532 -4.274444,-0.893532 -8.761683,0 -3.485881,3.634773 -4.862767,6.340294 -5.304925,11.552982 -0.01319,3.312039 0.07866,6.575649 0.29825,9.878639 1.239153,0.44203 2.478305,0.88406 3.755007,1.33948 -0.18071,0.91859 -0.36142,1.83718 -0.547605,2.7836 -1.051252,5.84375 -1.7918,11.73269 -2.581567,17.62247 -0.625835,3.7045 -0.625835,3.7045 -1.877504,5.04397 1.652204,0.88406 3.304406,1.76811 5.006676,2.67895 0,0.88406 0,1.76811 0,2.67896 -6.038861,-1.38483 -9.233577,-2.81308 -12.829607,-8.37173 -3.774,-9.14034 -4.261226,-18.99284 -1.082986,-28.3893 2.681767,-6.731275 5.742933,-13.238659 8.981396,-19.681085 1.335718,-2.6833 1.335718,-2.6833 2.427859,-6.513268 z"
       fill="#f1dac8"
       id="path21"
       style="stroke-width:1.29482" /><path
       d="m 157.38965,71.011913 c 1.89746,0.145912 3.79908,0.236642 5.70096,0.282545 1.07942,0.03799 2.15883,0.07597 3.27096,0.115111 2.24884,0.06946 4.49797,0.128846 6.74728,0.177899 6.52592,0.249791 11.11833,1.013872 16.82418,4.782349 0,1.326081 0,2.652163 0,4.018428 1.23916,0 2.47831,0 3.75501,0 2.88437,4.630065 2.82703,6.628503 2.50334,12.055285 -0.41305,0.88406 -0.8261,1.768112 -1.25167,2.678954 -1.85505,-0.340893 -3.7058,-0.708745 -5.55428,-1.08833 -1.03102,-0.202011 -2.06203,-0.404033 -3.12428,-0.612178 -1.2803,-0.484331 -1.2803,-0.484331 -2.58646,-0.978446 -0.61957,-1.989122 -0.61957,-1.989122 -1.25166,-4.018428 -0.82611,-0.442027 -1.65221,-0.884055 -2.50334,-1.339476 0,1.326081 0,2.652162 0,4.018429 -7.31193,0.469492 -12.33292,0.224058 -18.77504,-4.018429 0,0.884054 0,1.768109 0,2.678952 -2.47831,0 -4.95661,0 -7.51001,0 -0.8261,-1.768108 -1.6522,-3.536217 -2.50334,-5.357904 -0.8261,0 -1.6522,0 -2.50333,0 -0.82611,3.094189 -1.65221,6.188379 -2.50334,9.376336 -0.41306,-0.884057 -0.82611,-1.768112 -1.25168,-2.678955 -1.29723,0.386773 -2.59447,0.773547 -3.93102,1.172041 -1.71443,0.502658 -3.42896,1.004947 -5.14358,1.506914 -0.85352,0.255547 -1.70705,0.511093 -2.58645,0.774386 -4.24266,1.234252 -7.68698,1.904561 -12.12065,1.904561 0,0.884052 0,1.76812 0,2.67896 -0.8261,0 -1.65221,0 -2.50334,0 0,2.210133 0,4.420273 0,6.697373 -1.23915,-0.44202 -2.4783,-0.88405 -3.755,-1.33947 -1.0855,-6.621373 -1.0855,-6.621373 0,-10.71581 3.70455,-3.972408 7.96336,-6.638449 12.51668,-9.376336 1.44972,-0.878011 1.44972,-0.878011 2.92871,-1.77376 3.78835,-2.151623 6.50089,-3.584145 10.83965,-3.584145 0,-0.884054 0,-1.768109 0,-2.678952 2.89135,-0.884055 5.78271,-1.768108 8.76168,-2.678953 0,-0.884053 0,-1.768108 0,-2.678951 3.19017,-1.706983 4.13635,-0.962373 7.51002,0 z"
       fill="#4f2f19"
       id="path22"
       style="stroke-width:1.29482" /><path
       d="m 113.58123,109.85672 c 1.23916,0 2.47831,0 3.75501,0 0.0248,0.83809 0.0497,1.67617 0.0752,2.53964 0.119,3.78639 0.25638,7.57177 0.3942,11.35742 0.0387,1.31919 0.0774,2.63836 0.11734,3.9975 0.0484,1.26048 0.0968,2.52094 0.14668,3.8196 0.0393,1.16443 0.0786,2.32885 0.11918,3.52855 0.16415,3.16707 0.16415,3.16707 2.90243,5.56524 0.82611,-0.44202 1.6522,-0.88405 2.50334,-1.33947 0.3356,0.79254 0.6712,1.58508 1.01698,2.40163 4.07394,8.79119 8.67689,13.90465 17.43535,17.16204 12.42163,2.32284 26.78187,2.01392 37.87277,-4.82944 6.15151,-5.88272 8.57023,-13.27955 11.26502,-21.43161 0.82609,0 1.6522,0 2.50333,0 0.8261,-7.07244 1.65221,-14.14487 2.50334,-21.43162 2.62163,2.80555 3.13921,4.1037 4.22438,7.7857 0.31463,1.05672 0.62926,2.11344 0.95342,3.20219 0.35658,1.23629 0.71316,2.47259 1.08054,3.74634 0.67041,2.31028 0.67041,2.31028 1.35435,4.66724 1.22581,4.24598 2.44274,8.49465 3.65233,12.74596 0.82611,0 1.6522,0 2.50334,0 -0.41305,1.7681 -0.8261,3.53621 -1.25167,5.3579 -8.29231,1.33947 -8.29231,1.33947 -12.51669,1.33947 -1.44568,0.44203 -2.89135,0.88405 -4.38084,1.33948 -4.38084,1.33948 -4.38084,1.33948 -8.13585,1.33948 0,0.88405 0,1.7681 0,2.67895 -1.74078,1.09989 -3.48952,2.18538 -5.24136,3.26497 -0.97293,0.60606 -1.94586,1.21212 -2.94827,1.83655 -9.18042,4.76384 -23.02506,4.47663 -32.86608,2.08246 -1.82025,-0.68968 -3.62941,-1.41442 -5.42228,-2.18188 -7.44493,-3.13354 -15.75384,-2.4755 -23.61547,-2.32315 0,-0.88405 0,-1.7681 0,-2.67895 -0.8261,-0.44203 -1.65219,-0.88406 -2.50334,-1.33948 0.82611,0 1.65221,0 2.50334,0 0,-1.32608 0,-2.65215 0,-4.01843 -0.46468,0.66304 -0.92936,1.32609 -1.40812,2.00922 -3.3175,2.84018 -5.72089,2.3859 -9.85689,2.00921 -0.8261,-0.44203 -1.65221,-0.88405 -2.503344,-1.33947 0,-1.32608 0,-2.65217 0,-4.01843 2.891354,0 5.782714,0 8.761684,0 -0.45823,-1.29328 -0.91646,-2.58655 -1.38857,-3.91901 -1.6823,-6.31861 -0.4051,-11.52299 1.07566,-17.76376 0.22911,-1.06277 0.45822,-2.12553 0.69427,-3.2205 1.11752,-5.01525 2.35163,-9.37002 4.62531,-13.94154 z"
       fill="#492e1c"
       id="path23"
       style="stroke-width:1.29482" /><path
       d="m 76.031168,46.901342 c 0.826103,0 1.652207,0 2.503339,0 0.413052,2.652163 0.826104,5.304325 1.251665,8.036857 5.606024,-0.598799 5.606024,-0.598799 10.013359,-4.018428 1.239145,0.884053 2.4783,1.768108 3.755005,2.678951 0,0.442028 0,0.884055 0,1.339477 0.74059,0.1813 1.48117,0.3626 2.2442,0.549394 6.839544,1.994017 10.376824,4.092322 14.183954,10.543143 2.89266,6.08061 2.57668,11.731342 2.58156,18.375938 0.0153,1.098161 0.0306,2.196321 0.0465,3.32776 0.004,1.585082 0.004,1.585082 0.007,3.202186 0.005,0.96348 0.0104,1.926962 0.0156,2.91964 -0.3041,2.605697 -0.3041,2.605697 -2.80744,6.62413 -0.65023,-1.001473 -1.30046,-2.002933 -1.9704,-3.034748 -0.87289,-1.319181 -1.74578,-2.638352 -2.64513,-3.997508 -0.85675,-1.305358 -1.71351,-2.610719 -2.59623,-3.955637 -2.745844,-3.671803 -5.633484,-6.201619 -9.059924,-9.104252 0,-0.884054 0,-1.768108 0,-2.678952 -1.652211,-0.442027 -3.304408,-0.884054 -5.006684,-1.339476 0,-0.884055 0,-1.768108 0,-2.678953 -1.652196,-0.442027 -3.304404,-0.884053 -5.006669,-1.339476 -0.129085,-0.856427 -0.258161,-1.712855 -0.391147,-2.595234 -0.283977,-0.911681 -0.567953,-1.823363 -0.860528,-2.76267 -1.239155,-0.442028 -2.4783,-0.884054 -3.755004,-1.339477 0.413052,-0.884053 0.826104,-1.768108 1.251665,-2.678951 -3.097873,-1.326082 -3.097873,-1.326082 -6.258342,-2.678953 0.826101,-4.420271 1.652203,-8.840542 2.503337,-13.394761 z"
       fill="#f1b51a"
       id="path24"
       style="stroke-width:1.29482" /><path
       d="m 45.863992,113.73911 c 9.614634,3.59174 9.614634,3.59174 12.643812,6.83342 -0.259237,8.18397 -1.871516,13.38561 -6.258345,20.09214 -3.700471,3.25291 -7.998338,3.26127 -12.648701,3.07661 -2.371325,-0.39765 -2.371325,-0.39765 -5.26581,-2.23944 -4.638696,-7.72194 -6.91328,-17.14488 -5.867198,-26.28721 3.335493,-7.13897 11.722856,-3.35749 17.396242,-1.47552 z"
       fill="#0e0b0a"
       id="path25"
       style="stroke-width:1.29482" /><path
       d="m 76.031168,77.709293 c 10.511057,-1.222164 10.511057,-1.222164 15.298716,1.695274 2.214282,2.004686 4.192052,3.896476 5.979652,6.341582 0,0.884055 0,1.768109 0,2.678953 1.23915,0.442027 2.4783,0.884054 3.755004,1.339476 1.6689,2.678952 3.33779,5.357906 5.00668,8.036859 1.23916,0.44202 2.4783,0.88406 3.75501,1.33948 0.8261,-0.88406 1.6522,-1.768119 2.50334,-2.67896 0,2.21014 0,4.420273 0,6.697393 -0.82611,0 -1.65221,0 -2.50334,0 0.29042,1.09988 0.58085,2.19977 0.88008,3.33299 0.49259,6.23561 -1.2533,10.10875 -3.69634,15.67082 -0.39208,0.95226 -0.78415,1.90451 -1.1881,2.88562 -1.98306,4.68023 -3.71038,8.06924 -7.260674,11.59746 -0.82609,0.88406 -1.65219,1.76811 -2.50332,2.67896 -0.34528,-2.59054 -0.65072,-5.18718 -0.93876,-7.78571 -0.26138,-2.16783 -0.26138,-2.16783 -0.52805,-4.37945 0.071,-1.28983 0.14199,-2.57965 0.21513,-3.90855 2.386,-2.1348 2.386,-2.1348 5.00668,-4.01843 1.127054,-3.01593 1.127054,-3.01593 1.564584,-6.2788 0.18716,-1.08262 0.37433,-2.16524 0.56717,-3.28067 0.12262,-0.82362 0.24524,-1.64724 0.37159,-2.49582 -3.914294,-2.48151 -3.914294,-2.48151 -8.370534,-1.75806 -3.292798,1.54338 -3.292798,1.54338 -4.146155,5.77649 -2.581572,0.92089 -2.581572,0.92089 -5.00668,1.33948 0,-0.88406 0,-1.76812 0,-2.67896 0.826104,-0.44203 1.652197,-0.88405 2.50334,-1.33947 0.101915,-2.34304 0.174467,-4.68756 0.234684,-7.03225 0.04356,-1.30537 0.08712,-2.610723 0.132014,-3.955647 -0.422539,-4.316837 -1.578828,-5.827622 -4.121702,-9.104251 -0.860528,-4.353298 -0.860528,-4.353298 -1.251675,-8.036857 -2.065249,0 -4.130508,0 -6.258344,0 0,-0.884054 0,-1.768108 0,-2.678952 z"
       fill="#4f2f1b"
       id="path26"
       style="stroke-width:1.29482" /><path
       d="m 24.712745,80.388245 c 0.826101,0.884055 1.652203,1.768109 2.503337,2.678953 -0.722839,1.426227 -1.445677,2.852456 -2.19042,4.321903 -6.606123,13.586709 -10.995828,24.974199 -6.977077,40.461599 3.900734,9.72795 11.939446,15.85628 20.882335,19.7625 14.724371,4.84841 32.819274,6.88358 47.113596,-0.25114 1.129439,-0.53873 2.258877,-1.07744 3.422533,-1.6325 3.221775,-2.15958 3.221775,-2.15958 3.446982,-6.29448 -0.07263,-1.44522 -0.145216,-2.89045 -0.220023,-4.37947 -0.05649,-1.45558 -0.112945,-2.91115 -0.171125,-4.41085 -0.07263,-1.11369 -0.145216,-2.2274 -0.220023,-3.37485 -1.239145,-0.66304 -1.239145,-0.66304 -2.503329,-1.33948 0,-0.88405 0,-1.7681 0,-2.67894 1.21333,-0.77356 2.42667,-1.5471 3.676775,-2.34408 4.19296,-2.6395 4.19296,-2.6395 4.92844,-7.36712 0.0516,-1.21559 0.10326,-2.43116 0.15645,-3.68357 -1.47148,-0.29008 -1.47148,-0.29008 -2.9727,-0.58602 -3.285636,-0.75345 -3.285636,-0.75345 -5.788965,-2.09293 2.891352,-1.32608 5.782705,-2.65216 8.761665,-4.01842 1.887294,1.63248 1.887294,1.63248 3.755024,4.01842 0.22491,2.88824 0.22491,2.88824 -0.15646,6.02764 -0.10649,1.036 -0.21298,2.072 -0.3227,3.1394 -0.90108,3.36896 -1.958224,4.77271 -4.527524,6.90668 -0.8261,0 -1.6522,0 -2.50334,0 0.41306,0.88405 0.82611,1.7681 1.25168,2.67894 0.0875,2.28653 0.10564,4.57656 0.0782,6.86482 -0.0113,1.21903 -0.0226,2.43805 -0.0343,3.69402 -0.0145,0.93585 -0.0291,1.87171 -0.044,2.83593 1.23914,0 2.4783,0 3.755,0 0.413054,-1.32609 0.826104,-2.65217 1.251664,-4.01843 0.82611,0.44203 1.65221,0.88405 2.50334,1.33947 1.23916,-3.09419 2.4783,-6.18838 3.75501,-9.37633 1.26868,3.77133 1.17803,5.89967 0.62583,9.96235 -0.57932,4.4173 -0.45606,7.22401 0.62584,11.46927 -5.94543,1.50691 -5.94543,1.50691 -8.761684,0 0,1.32608 0,2.65216 0,4.01843 3.304404,0.44202 6.608814,0.88405 10.013354,1.33947 0.41305,-1.32608 0.8261,-2.65215 1.25166,-4.01843 0.82611,0 1.65221,0 2.50334,0 0,1.32609 0,2.65217 0,4.01843 -0.8261,0 -1.6522,0 -2.50334,0 0,0.88406 0,1.76811 0,2.67896 -5.31309,0.44594 -7.95489,0.58784 -12.438454,-2.67896 -0.85192,-0.88405 -1.70384,-1.7681 -2.58156,-2.67895 0.82609,-3.09419 1.65219,-6.18838 2.50332,-9.37633 -0.66797,0.63023 -1.33595,1.26047 -2.02417,1.9098 -11.391455,10.18694 -22.086485,12.79961 -36.777553,11.48496 -13.783455,-1.64839 -28.080626,-3.72399 -38.019442,-15.06911 -7.31229,-10.33735 -9.862833,-20.19874 -8.292307,-33.15203 1.226224,-4.73672 2.971345,-8.996783 5.006676,-13.39476 0.569558,-1.257018 1.139117,-2.514033 1.725933,-3.809139 1.480285,-3.213393 2.989939,-6.406036 4.532412,-9.585626 z"
       fill="#281c12"
       id="path27"
       style="stroke-width:1.29482" /><path
       d="m 162.47455,132.37667 c 1.00439,-0.0164 2.00878,-0.0328 3.04361,-0.0497 9.05583,-0.0242 9.05583,-0.0242 13.14985,2.97981 0.46938,3.59984 0.46938,3.59984 0,8.03686 -5.97584,6.86298 -11.9011,8.95872 -20.65253,9.79492 -6.17138,-0.58968 -11.05987,-2.28016 -15.56764,-6.94853 -1.638,-3.50583 -1.90057,-5.67592 -1.32989,-9.54378 6.66899,-4.75788 13.58738,-4.26286 21.3566,-4.26957 z"
       fill="#25100e"
       id="path29"
       style="stroke-width:1.29482" /><path
       d="m 139.86628,97.100304 c 1.23915,0.09842 1.23915,0.09842 2.50334,0.198827 0.86805,0.05696 1.7361,0.113962 2.63046,0.172669 2.52608,0.350427 4.92512,0.960977 7.38289,1.669117 0.8261,-0.44203 1.6522,-0.88406 2.50334,-1.33949 -0.41305,1.76812 -0.8261,3.536223 -1.25167,5.357923 0.8261,0 1.6522,0 2.50333,0 -0.41305,1.32607 -0.8261,2.65215 -1.25166,4.01842 -0.28239,3.20476 -0.51129,6.41513 -0.70406,9.62748 -0.18072,3.01132 -0.36143,6.02263 -0.54761,9.12518 -7.02186,0 -14.04373,0 -21.27838,0 -0.10326,-3.39807 -0.20652,-6.79616 -0.31291,-10.29722 -0.0455,-1.0579 -0.0912,-2.11581 -0.13812,-3.20578 -0.0736,-5.02071 0.21487,-7.49974 2.66101,-11.9418 2.7967,-2.684203 2.7967,-2.684203 5.30004,-3.385326 z"
       fill="#0d0b0a"
       id="path31"
       style="stroke-width:1.29482" /><path
       d="m 113.58123,109.85672 c 1.23916,0 2.47831,0 3.75501,0 0.0248,0.83809 0.0497,1.67617 0.0752,2.53964 0.119,3.78639 0.25638,7.57177 0.3942,11.35742 0.0387,1.31919 0.0774,2.63836 0.11734,3.9975 0.0484,1.26048 0.0968,2.52094 0.14668,3.8196 0.0393,1.16443 0.0786,2.32885 0.11918,3.52855 0.16415,3.16707 0.16415,3.16707 2.90243,5.56524 0.82611,-0.44202 1.6522,-0.88405 2.50334,-1.33947 1.5729,3.89252 2.50333,6.42418 2.50333,10.7158 0.8261,1.32609 1.65221,2.65217 2.50334,4.01843 -1.25166,1.33948 -1.25166,1.33948 -3.83812,1.47029 -1.03102,-0.0155 -2.06203,-0.0311 -3.12429,-0.0471 -1.03424,-0.0121 -2.06847,-0.0242 -3.13405,-0.0367 -0.79868,-0.0155 -1.59735,-0.0311 -2.42023,-0.0471 0,0.88405 0,1.76812 0,2.67896 -0.8261,0 -1.65219,0 -2.50334,0 0,-0.88406 0,-1.76811 0,-2.67896 -0.8261,-0.44202 -1.65219,-0.88405 -2.50334,-1.33947 0.82611,0 1.65221,0 2.50334,0 0,-1.32609 0,-2.65216 0,-4.01843 -0.46468,0.66304 -0.92936,1.32608 -1.40812,2.00921 -3.3175,2.84018 -5.72089,2.38591 -9.85689,2.00922 -0.8261,-0.44203 -1.65221,-0.88406 -2.503344,-1.33948 0,-1.32608 0,-2.65216 0,-4.01843 2.891354,0 5.782714,0 8.761684,0 -0.45823,-1.29328 -0.91646,-2.58654 -1.38857,-3.91901 -1.6823,-6.3186 -0.4051,-11.52298 1.07566,-17.76375 0.22911,-1.06277 0.45822,-2.12553 0.69427,-3.22051 1.11752,-5.01524 2.35163,-9.37002 4.62531,-13.94153 z"
       fill="#512f1a"
       id="path32"
       style="stroke-width:1.29482" /><path
       d="m 74.7795,92.44353 c 2.503332,2.678954 2.503332,2.678954 2.835814,6.127057 -0.03683,7.852683 -0.320221,14.598763 -2.835814,22.001943 -4.551252,-1.14529 -8.990841,-2.62102 -13.455441,-4.10214 -1.46504,-0.48519 -2.930079,-0.97039 -4.439513,-1.47029 -1.116528,-0.37123 -2.233055,-0.74247 -3.383418,-1.12495 0.680829,-9.10737 3.338236,-14.119313 9.152829,-20.67816 4.551315,-2.831748 7.128359,-2.166072 12.125543,-0.75346 z"
       fill="#26211f"
       id="path34"
       style="stroke-width:1.29482" /><path
       d="m 74.7795,69.672436 c 0,0.884054 0,1.768109 0,2.678952 -4.130508,0.884055 -8.261015,1.768109 -12.516689,2.678953 0,1.326082 0,2.652162 0,4.018428 -1.239153,0 -2.478305,0 -3.755007,0 0,-0.884054 0,-1.768109 0,-2.678952 -0.800286,-0.165761 -1.600572,-0.331521 -2.425109,-0.502304 -0.851916,-0.276267 -1.703834,-0.552533 -2.581567,-0.837172 -0.413051,-0.884055 -0.826102,-1.768109 -1.251669,-2.678953 -2.53417,-0.873517 -2.53417,-0.873517 -5.006675,-1.339475 -0.826102,2.652162 -1.652203,5.304325 -2.503338,8.036856 -4.940682,0.240331 -8.258575,0.125251 -12.516689,-2.678952 -0.41305,0.884054 -0.826101,1.768108 -1.251668,2.678952 -0.413051,-0.442027 -0.826102,-0.884054 -1.251669,-1.339476 -0.826102,0.884054 -1.652203,1.768108 -2.503338,2.678952 0,-1.768108 0,-3.536216 0,-5.357904 0.826102,0 1.652203,0 2.503338,0 C 29.564526,74.03578 29.409631,73.041219 29.250043,72.016519 29.71942,68.33296 29.71942,68.33296 32.379216,65.235421 44.497481,57.62689 62.964217,63.753898 74.7795,69.672436 Z"
       fill="#553017"
       id="path35"
       style="stroke-width:1.29482" /><path
       d="m 76.031168,46.901342 c 0.826103,0 1.652207,0 2.503339,0 0.413052,2.652163 0.826104,5.304325 1.251665,8.036857 5.606024,-0.598799 5.606024,-0.598799 10.013359,-4.018428 1.239145,0.884053 2.4783,1.768108 3.755005,2.678951 0,0.442028 0,0.884055 0,1.339477 2.89135,0.884054 5.7827,1.768108 8.761684,2.678952 1.00074,4.402807 1.37256,6.309243 0,10.715809 -1.23916,0.884055 -2.478314,1.768108 -3.755024,2.678953 0,1.326081 0,2.652162 0,4.018428 -0.41305,0.884054 -0.82609,1.768108 -1.25166,2.678952 -3.755,-1.339476 -3.755,-1.339476 -6.258341,-5.357905 -4.451836,-1.632569 -4.451836,-1.632569 -8.761683,-2.678952 0,-0.884054 0,-1.768108 0,-2.678952 -1.239156,-0.442028 -2.478301,-0.884054 -3.755005,-1.339477 0.413052,-0.884053 0.826104,-1.768108 1.251665,-2.678951 -3.097873,-1.326082 -3.097873,-1.326082 -6.258342,-2.678953 0.826102,-4.420271 1.652203,-8.840542 2.503338,-13.394761 z"
       fill="#fbb812"
       id="path38"
       style="stroke-width:1.29482" /><path
       d="m 76.187631,40.8737 c 2.880892,1.084744 5.743842,2.205501 8.60522,3.34869 -2.297988,1.449355 -2.297988,1.449355 -5.006679,2.678952 -3.285625,-1.758063 -3.285625,-1.758063 -6.258342,-4.018428 -0.826101,-0.442027 -1.652202,-0.884055 -2.503338,-1.339476 0.06535,1.21212 0.06535,1.21212 0.132012,2.44873 0.151363,4.782288 0.266274,8.578598 -1.461909,13.038962 -3.759276,2.984805 -6.654327,2.5318 -11.186791,1.925497 -2.26865,-1.339476 -2.26865,-1.339476 -3.755007,-4.018428 -0.421082,-1.806182 -0.809171,-3.62135 -1.173439,-5.441622 -0.796798,-4.414783 -0.796798,-4.414783 -3.989694,-7.283402 -0.774471,-0.221012 -1.548941,-0.442026 -2.34688,-0.669737 8.905948,-7.624576 19.122715,-4.253713 28.944847,-0.669738 z"
       fill="#df9b33"
       id="path41"
       style="stroke-width:1.29482" /><path
       d="m 157.85902,43.971238 c 1.40373,-0.01899 2.80746,-0.03799 4.25372,-0.05755 6.05643,0.46295 9.29084,2.030616 13.81725,6.336349 4.1181,5.536287 3.16558,11.311288 2.73802,18.082928 -4.13051,0 -8.261,0 -12.51669,0 0.82611,-1.326081 1.65221,-2.652163 2.50334,-4.018428 0.34854,-2.970017 0.34854,-2.970017 0.2347,-6.11136 -0.0121,-1.577312 -0.0121,-1.577312 -0.0244,-3.186488 -0.0555,-2.842556 -0.0555,-2.842556 -1.46191,-5.436389 -5.28243,-1.173264 -8.47969,-1.414919 -13.76836,0 -0.41306,3.978243 -0.8261,7.956488 -1.25167,12.055285 -0.41305,0 -0.8261,0 -1.25167,0 0,-3.978244 0,-7.956489 0,-12.055285 -6.75368,-0.657042 -11.9854,2.162706 -17.75806,5.692773 -2.89973,1.284067 -4.32746,0.579521 -7.27532,-0.334869 3.25868,-1.536973 6.51836,-3.071438 9.77866,-4.604449 0.92372,-0.435984 1.84744,-0.871967 2.79915,-1.321164 0.89145,-0.418716 1.78289,-0.837433 2.70135,-1.268839 0.81935,-0.385803 1.6387,-0.771604 2.48287,-1.169098 4.86688,-2.176511 8.74947,-2.571272 13.99907,-2.603411 z"
       fill="#dea12f"
       id="path43"
       style="stroke-width:1.29482" /><path
       d="m 196.19138,143.34363 c 1.23915,0.44202 2.4783,0.88405 3.755,1.33947 0,0.88405 0,1.7681 0,2.67896 2.47831,0 4.95661,0 7.51002,0 -0.8261,0.88405 -1.65221,1.7681 -2.50334,2.67894 -2.50334,-0.44648 -5.00668,-0.89298 -7.51001,-1.33947 -0.8261,0.88405 -1.6522,1.7681 -2.50334,2.67895 -2.70869,0.55463 -2.70869,0.55463 -5.78897,0.83717 -1.02294,0.10012 -2.04589,0.20029 -3.09983,0.30348 -0.78416,0.0656 -1.56831,0.13122 -2.37622,0.19883 0,0.88405 0,1.7681 0,2.67895 -1.74078,1.09989 -3.48952,2.18538 -5.24136,3.26497 -0.97293,0.60606 -1.94586,1.21212 -2.94827,1.83655 -9.18042,4.76384 -23.02506,4.47663 -32.86608,2.08246 -1.81738,-0.68859 -3.62341,-1.41314 -5.4125,-2.18188 -6.72965,-2.82068 -14.01901,-2.4565 -21.12191,-2.32315 0,-0.88405 0,-1.7681 0,-2.67895 5.57619,-0.66305 5.57619,-0.66305 11.26502,-1.33948 -1.85872,-3.97824 -1.85872,-3.97824 -3.755,-8.03686 4.66022,1.66238 6.56049,4.34178 10.01335,8.03686 9.68868,7.08084 21.21863,6.36738 32.54338,5.35791 8.80913,-1.8239 14.65217,-4.97675 19.87514,-12.87154 0.46307,-0.61469 0.92614,-1.22938 1.40324,-1.8627 0.8261,0 1.6522,0 2.50333,0 0.61958,1.32608 0.61958,1.32608 1.25168,2.67896 1.23914,-0.44204 2.4783,-0.88407 3.755,-1.33949 0.41306,-0.88405 0.82611,-1.7681 1.25167,-2.67894 z"
       fill="#30281d"
       id="path45"
       style="stroke-width:1.29482" /><path
       d="m 173.64667,97.785737 c 0.96002,0.14331 1.92004,0.28663 2.90915,0.43428 1.00036,0.14505 2.00072,0.29008 3.03138,0.43952 3.05216,0.51809 6.07933,1.09233 9.09417,1.820853 0,1.32608 0,2.65217 0,4.01843 0.41304,0.88405 0.82609,1.7681 1.25166,2.67895 -1.23915,0.66304 -1.23915,0.66304 -2.50333,1.33948 -0.58518,3.15579 -0.58518,3.15579 -0.7823,6.7811 -0.0936,1.23111 -0.18716,2.46223 -0.28357,3.73064 -0.0614,0.9514 -0.12263,1.90279 -0.1858,2.88302 -0.8261,0 -1.65221,0 -2.50334,0 -0.0614,-1.22594 -0.12263,-2.45187 -0.1858,-3.71496 -0.14037,-2.38797 -0.14037,-2.38797 -0.28358,-4.82421 -0.0871,-1.58508 -0.17425,-3.17016 -0.26402,-4.80327 -0.14549,-4.21223 -0.14549,-4.21223 -3.0216,-6.74971 -2.48859,-0.53262 -4.99347,-0.98819 -7.51002,-1.33947 0,0.88405 0,1.7681 0,2.67896 1.23915,0 2.47831,0 3.755,0 2.8665,4.60137 2.72668,6.67772 2.50334,12.05528 -1.23914,0 -2.4783,0 -3.755,0 -0.41305,-2.21014 -0.82611,-4.42028 -1.25167,-6.69738 -0.8261,0 -1.6522,0 -2.50334,0 -0.1417,6.8086 -0.1417,6.8086 1.25167,13.39476 -0.82611,0.88406 -1.6522,1.76811 -2.50334,2.67895 -1.6522,0 -3.30441,0 -5.00667,0 -0.69986,-17.14285 -0.69986,-17.14285 3.755,-24.11057 2.50334,-2.678963 2.50334,-2.678963 4.99201,-2.694653 z"
       fill="#110f0e"
       id="path46"
       style="stroke-width:1.29482" /><path
       d="m 172.40967,100.48039 c 6.76324,-0.482513 6.76324,-0.482513 9.58309,1.33947 2.63574,4.19818 2.40238,8.74224 2.54246,13.64592 0.0641,1.50608 0.0641,1.50608 0.12956,3.0426 0.10305,2.47332 0.18442,4.94766 0.26158,7.42205 -4.95661,-0.44202 -9.91322,-0.88405 -15.02002,-1.33947 0.61957,-1.98913 0.61957,-1.98913 1.25166,-4.01843 -0.41305,-0.88405 -0.8261,-1.76811 -1.25166,-2.67895 -0.0504,-3.12498 -0.0541,-6.25142 0,-9.37633 1.65219,0 3.3044,0 5.00667,0 0,2.21014 0,4.42027 0,6.69738 1.23915,0 2.47831,0 3.755,0 -0.82609,-3.97825 -1.6522,-7.95649 -2.50333,-12.05528 -1.23915,0 -2.47831,0 -3.75501,0 0,-0.88407 0,-1.76812 0,-2.67896 z"
       fill="#1a1717"
       id="path52"
       style="stroke-width:1.29482" /><path
       d="m 144.87295,91.104055 c 0,0.884053 0,1.768108 0,2.678955 -7.02186,1.768105 -14.04372,3.53621 -21.27836,5.357907 -0.92783,5.957473 -1.40031,10.799613 -1.37391,16.732983 0.004,1.60581 0.008,3.21161 0.0123,4.86606 0.0106,1.65761 0.021,3.31521 0.0318,5.02304 0.005,1.68868 0.0113,3.37736 0.0171,5.11722 0.0147,4.15453 0.0353,8.30894 0.0612,12.46341 -4.84095,-4.42767 -4.84095,-4.42767 -5.57506,-8.54832 0.0262,-1.15039 0.0525,-2.30079 0.0795,-3.48604 0.0161,-1.25184 0.0323,-2.50367 0.0488,-3.79343 0.0629,-1.9451 0.0629,-1.9451 0.12713,-3.92949 0.0226,-1.31745 0.0451,-2.63489 0.0684,-3.99226 0.0589,-3.24712 0.14115,-6.49158 0.24442,-9.73737 -1.23914,0 -2.4783,0 -3.755,0 0,-2.65215 0,-5.30432 0,-8.03686 0.41305,0.88407 0.8261,1.76812 1.25167,2.67896 0.8261,0 1.6522,0 2.50333,0 0.41306,-1.76811 0.82611,-3.53622 1.25168,-5.357903 0.8261,0 1.6522,0 2.50334,0 0,-0.88406 0,-1.768119 0,-2.67896 3.25824,-0.898788 6.51788,-1.790812 9.77866,-2.678947 0.92372,-0.255546 1.84743,-0.511092 2.79914,-0.774388 3.82576,-1.03743 7.24079,-1.904567 11.2039,-1.904567 z"
       fill="#261911"
       id="path53"
       style="stroke-width:1.29482" /><path
       d="m 173.89113,44.850269 c 4.59808,4.14815 7.0977,9.786553 9.78356,15.445834 0.44209,0.846068 0.88418,1.692135 1.33967,2.563842 1.08544,2.124325 1.08544,2.124325 2.41534,5.473015 -0.41306,0.884055 -0.82611,1.768108 -1.25168,2.678953 -4.78054,-4.385066 -6.75644,-10.341611 -9.38752,-16.324866 -2.1205,-4.254869 -3.60986,-7.002392 -7.91582,-8.669968 -16.96042,-2.834955 -31.78073,2.536824 -45.89126,12.625609 -2.75441,2.406852 -4.78771,5.309509 -6.89885,8.350796 -0.8261,0 -1.65221,0 -2.50334,0 1.66391,-7.567722 6.71707,-10.764728 12.51669,-14.734238 13.6565,-8.407591 32.83786,-16.462026 47.79321,-7.408977 z"
       fill="#2d1d0c"
       id="path56"
       style="stroke-width:1.29482" /><path
       d="m 47.242784,71.011913 c 2.894484,0.251151 2.894484,0.251151 6.258344,1.339475 2.112192,3.34869 2.112192,3.34869 3.755008,6.697381 0.8261,0.442027 1.652202,0.884054 2.503337,1.339476 0,0.884055 0,1.768109 0,2.678953 1.652202,0.442027 3.304405,0.884053 5.006675,1.339476 0,-2.652163 0,-5.304326 0,-8.036857 5.945427,1.004606 5.945427,1.004606 8.761682,4.018428 -2.065253,0 -4.130507,0 -6.258344,0 0.826102,0.828801 1.652203,1.657602 2.503338,2.511518 2.503337,2.846386 2.503337,2.846386 2.503337,5.525339 -7.057958,1.162014 -10.79857,-1.849109 -16.330366,-6.017178 -2.444667,-2.019679 -2.444667,-2.019679 -4.948005,-4.698631 -0.41305,2.210136 -0.826101,4.420271 -1.251668,6.697381 -6.605674,-0.721334 -11.586018,-2.375479 -17.523365,-5.357905 0,-0.884054 0,-1.768109 0,-2.678952 6.195761,1.326081 6.195761,1.326081 12.516689,2.678952 0.826102,-2.652163 1.652204,-5.304325 2.503338,-8.036856 z"
       fill="#1c1513"
       id="path57"
       style="stroke-width:1.29482" /><path
       d="m 124.84625,105.83829 c 0.82611,0 1.65221,0 2.50334,0 0,3.09419 0,6.18838 0,9.37634 0.41306,-1.32609 0.82611,-2.65216 1.25167,-4.01843 0.8261,0 1.65221,0 2.50334,0 0.41305,5.30432 0.8261,10.60865 1.25166,16.07371 0.82611,0 1.65221,0 2.50334,0 0,1.32608 0,2.65216 0,4.01843 -1.23914,-0.44202 -2.4783,-0.88406 -3.755,-1.33948 -1.23916,1.32609 -2.4783,2.65216 -3.75501,4.01843 -0.41305,-1.32608 -0.8261,-2.65217 -1.25167,-4.01843 -1.6522,-0.44203 -3.3044,-0.88405 -5.00667,-1.33947 0,-5.74636 0,-11.4927 0,-17.41319 0.8261,0 1.6522,0 2.50334,0 0.41304,-1.76811 0.82609,-3.53621 1.25166,-5.35791 z"
       fill="#fbe2cf"
       id="path58"
       style="stroke-width:1.29482" /><path
       d="m 76.031168,96.461957 c 0.413051,0 0.826103,0 1.251664,0 0.261007,8.581083 0.198171,15.979593 -2.503332,24.110573 -4.630791,-0.95301 -8.512364,-2.69153 -12.516689,-5.3579 -1.44742,-3.77559 -1.511612,-5.72376 -0.469377,-9.62749 2.250662,-3.1749 4.482128,-3.92488 7.97939,-5.10675 -0.826102,3.53622 -1.652204,7.07243 -2.503338,10.71581 1.239152,-0.44202 2.478305,-0.88406 3.755006,-1.33948 0.912098,-3.10049 1.742818,-6.22935 2.503338,-9.37633 0.826102,-1.326083 1.652203,-2.652163 2.503338,-4.018433 z"
       fill="#0d0d0c"
       id="path60"
       style="stroke-width:1.29482" /><path
       d="m 36.44714,84.071804 c 4.5373,0.33487 4.5373,0.33487 6.673937,1.951659 2.129845,3.160662 2.080152,5.148481 2.009516,9.015299 -0.0049,1.144781 -0.0097,2.289562 -0.01467,3.469035 -0.391747,3.446393 -1.257987,5.689713 -2.879816,8.669973 -7.197097,-1.17204 -7.197097,-1.17204 -10.013352,-2.67895 0,-0.88405 0,-1.76811 0,-2.67896 0.826102,0 1.652203,0 2.503338,0 0.413051,-0.88405 0.826101,-1.7681 1.251669,-2.678943 1.239152,-0.44203 2.478304,-0.88406 3.755007,-1.33948 0.917771,-2.69916 0.917771,-2.69916 1.251669,-5.357907 -1.652203,0 -3.304406,0 -5.006676,0 0.826101,-1.768108 1.652203,-3.536217 2.503338,-5.357904 -2.065254,0.442027 -4.130508,0.884054 -6.258345,1.339476 -1.239152,3.978244 -2.478303,7.956488 -3.755006,12.055288 0.826101,0.44203 1.652203,0.88405 2.503337,1.33947 -1.652203,0.44203 -3.304405,0.88407 -5.006675,1.33949 -0.57292,-7.663907 0.575341,-11.377671 5.006675,-17.413201 1.251669,-1.339475 1.251669,-1.339475 5.476052,-1.674345 z"
       fill="#0c0a0a"
       id="path61"
       style="stroke-width:1.29482" /><path
       d="m 107.32289,127.26991 c 1.26868,3.77133 1.17803,5.89967 0.62583,9.96235 -0.57932,4.4173 -0.45606,7.22401 0.62584,11.46927 -5.94543,1.50691 -5.94543,1.50691 -8.761684,0 0,1.32608 0,2.65216 0,4.01843 3.304404,0.44202 6.608814,0.88405 10.013354,1.33947 0.41305,-1.32608 0.8261,-2.65215 1.25166,-4.01843 0.82611,0 1.65221,0 2.50334,0 0,1.32609 0,2.65217 0,4.01843 -0.8261,0 -1.6522,0 -2.50334,0 0,0.88406 0,1.76811 0,2.67896 -5.31309,0.44594 -7.95489,0.58784 -12.438454,-2.67896 -0.85192,-0.88405 -1.70384,-1.7681 -2.58156,-2.67895 1.23914,-4.8623 2.4783,-9.72459 3.755,-14.73424 1.239144,0 2.478304,0 3.755004,0 1.23916,-3.09419 2.4783,-6.18838 3.75501,-9.37633 z"
       fill="#4b2e17"
       id="path67"
       style="stroke-width:1.29482" /><path
       d="m 156.13797,139.3252 c 2.1639,-0.073 4.32844,-0.1246 6.49303,-0.16744 1.20527,-0.0311 2.41054,-0.0622 3.65234,-0.0941 3.78337,0.2732 6.46141,1.24112 9.88134,2.94058 -0.23469,2.42779 -0.23469,2.42779 -1.25167,5.3579 -4.22173,3.51391 -7.20526,4.50563 -12.51669,4.01842 0.41305,-1.32607 0.8261,-2.65216 1.25167,-4.01842 -2.91907,-1.61579 -5.62803,-2.90061 -8.76168,-4.01843 0.41305,-1.32609 0.82609,-2.65217 1.25166,-4.01843 z"
       fill="#0b0808"
       id="path76"
       style="stroke-width:1.29482" /><path
       d="m 192.43637,100.48039 c 0.41306,0 0.82611,0 1.25167,0 0.0734,4.26948 0.11742,8.53876 0.15646,12.80874 0.021,1.19917 0.0419,2.39835 0.0635,3.63386 0.0488,7.13338 -0.52698,12.97726 -2.72335,19.72325 -0.28398,-0.77354 -0.56795,-1.5471 -0.86053,-2.34408 -2.05634,-3.77246 -4.64097,-5.80096 -7.90115,-8.37173 0.82609,0 1.65219,0 2.50332,0 0.0614,-1.24147 0.12263,-2.48294 0.1858,-3.76204 0.0936,-1.60408 0.18716,-3.20815 0.28358,-4.86083 0.0871,-1.60063 0.17426,-3.20125 0.26403,-4.85037 0.17102,-1.30018 0.34205,-2.60036 0.51827,-3.93994 0.8261,-0.44203 1.6522,-0.88405 2.50334,-1.33948 0.41305,0.88406 0.82609,1.76811 1.25166,2.67895 0.41306,0 0.82611,0 1.25168,0 0.41304,-3.09419 0.82609,-6.18837 1.25166,-9.37633 z"
       fill="#d9c5b6"
       id="path77"
       style="stroke-width:1.29482" /><path
       d="m 112.32957,92.44353 c 1.65219,0.442027 3.3044,0.88406 5.00667,1.33948 -0.8261,0 -1.6522,0 -2.50333,0 -0.0468,1.198306 -0.0936,2.396612 -0.1418,3.631237 -0.81096,15.961643 -4.06839,27.885733 -11.12323,41.910953 -0.8261,-0.88406 -1.6522,-1.76811 -2.50334,-2.67896 -0.41305,0.88406 -0.8261,1.76811 -1.251664,2.67896 -0.8261,0 -1.65221,0 -2.50334,0 0.8261,-2.21014 1.65221,-4.42028 2.50334,-6.69738 0.826104,0 1.652204,0 2.503344,0 0.30978,-1.04982 0.61957,-2.09964 0.93875,-3.18126 1.27435,-3.9549 2.69473,-7.7102 4.22438,-11.55298 1.95367,-5.12616 2.89854,-9.12574 2.34688,-14.73423 0.8261,0 1.6522,0 2.50334,0 0,-3.536223 0,-7.072448 0,-10.71582 z"
       fill="#0c0504"
       id="path80"
       style="stroke-width:1.29482" /><path
       d="m 168.65466,125.93043 c 0.82611,0.88406 1.65221,1.76811 2.50334,2.67896 0.41305,-0.88405 0.82611,-1.76812 1.25167,-2.67896 11.91104,-0.43208 11.91104,-0.43208 16.2717,2.67896 1.01698,4.18586 1.01698,4.18586 1.25166,8.03685 -0.8261,0 -1.65219,0 -2.50333,0 -2.03414,1.9534 -2.03414,1.9534 -3.75501,4.01843 0,-0.88405 0,-1.76811 0,-2.67895 -0.8261,0 -1.65221,0 -2.50334,0 -0.41305,0.88406 -0.8261,1.76811 -1.25166,2.67895 0.41305,-3.09419 0.8261,-6.18838 1.25166,-9.37633 -2.28468,0.37296 -2.28468,0.37296 -4.61553,0.75345 -4.18342,0.57253 -7.55029,0.48234 -11.65616,-0.75345 1.23915,-0.44202 2.4783,-0.88406 3.755,-1.33948 0,-1.32608 0,-2.65217 0,-4.01843 z"
       fill="#fbe0cf"
       id="path81"
       style="stroke-width:1.29482" /><path
       d="m 32.222757,113.87515 c 8.561181,0.69146 15.819552,3.32982 23.781709,6.69738 0,1.76812 0,3.53622 0,5.3579 -8.811849,-1.33591 -16.821195,-2.97925 -25.033377,-6.69737 0.41305,-1.76811 0.826101,-3.53622 1.251668,-5.35791 z"
       fill="#e5e5e4"
       id="path82"
       style="stroke-width:1.29482" /><path
       d="m 58.507804,42.882914 c 2.866493,4.601375 2.726672,6.677732 2.503338,12.055285 1.239152,0.442027 2.478304,0.884054 3.755006,1.339476 -0.41305,-2.210135 -0.826101,-4.420271 -1.251668,-6.697381 1.239152,0 2.478304,0 3.755006,0 0,-1.326081 0,-2.652162 0,-4.018429 1.239152,0 2.478305,0 3.755006,0 0.271502,4.261361 0.313747,7.286343 -1.329897,11.218114 -2.425109,2.176648 -2.425109,2.176648 -6.80595,2.762669 -4.380841,-0.586021 -4.380841,-0.586021 -6.72772,-2.176649 -1.857658,-3.202851 -2.573383,-5.333707 -2.659797,-9.125181 2.425109,-3.097539 2.425109,-3.097539 5.006676,-5.357904 z"
       fill="#c0231d"
       id="path85"
       style="stroke-width:1.29482" /><path
       d="m 159.89298,104.49882 c 3.58328,4.30503 4.23836,7.26941 4.45908,12.97618 0.10336,3.82849 0.10336,3.82849 0.5476,7.11596 0.8261,0.44203 1.65221,0.88405 2.50334,1.33947 0,0.88406 0,1.76811 0,2.67896 -2.47831,-0.44203 -4.95661,-0.88405 -7.51002,-1.33948 0.8261,-0.44203 1.65221,-0.88406 2.50334,-1.33948 0,-1.32607 0,-2.65215 0,-4.01842 -2.4783,0.44202 -4.95661,0.88406 -7.51001,1.33948 -0.41305,-5.30433 -0.8261,-10.60865 -1.25167,-16.07372 2.08611,0 4.17223,0 6.25834,0 0,-0.88406 0,-1.76811 0,-2.67895 z"
       fill="#fce2d0"
       id="path87"
       style="stroke-width:1.29482" /><path
       d="m 39.732771,87.085626 c -1.239152,1.768109 -2.478304,3.536217 -3.755007,5.357904 1.652203,0 3.304406,0 5.006676,0 -0.156459,3.097541 -0.156459,3.097541 -1.251669,6.697387 -3.598548,2.511513 -3.598548,2.511513 -7.510014,4.018433 -1.239152,-0.44203 -2.478303,-0.88407 -3.755006,-1.33949 -0.406409,-6.233845 0.252956,-9.689217 3.755006,-14.734234 3.117818,-1.66827 4.269202,-1.040449 7.510014,0 z"
       fill="#151516"
       id="path91"
       style="stroke-width:1.29482" /><path
       d="m 157.38965,50.919771 c 0.82609,0 1.6522,0 2.50333,0 0,0.884053 0,1.768108 0,2.678951 2.06526,0.442028 4.13051,0.884055 6.25834,1.339477 0,1.326082 0,2.652163 0,4.018428 0.82611,0 1.65221,0 2.50334,0 -0.39114,2.511517 -0.39114,2.511517 -1.25166,5.357905 -3.75501,2.678952 -3.75501,2.678952 -6.96241,2.260365 -3.05094,-0.92089 -3.05094,-0.92089 -5.55428,-2.260365 0.18071,-0.718294 0.36141,-1.436588 0.5476,-2.176649 0.8224,-3.715919 1.39524,-7.447828 1.95574,-11.218112 z"
       fill="#c82a27"
       id="path92"
       style="stroke-width:1.29482" /><path
       d="m 167.403,48.240818 c 3.04086,4.881289 2.70584,7.651641 2.50334,13.394761 -0.41305,-0.884054 -0.82611,-1.768108 -1.25168,-2.678952 -0.8261,0 -1.65219,0 -2.50334,0 -0.41305,-1.326081 -0.82609,-2.652163 -1.25166,-4.018428 -2.52222,-0.982155 -2.52222,-0.982155 -5.00668,-1.339477 0,-0.884053 0,-1.768108 0,-2.678951 -0.82609,0 -1.6522,0 -2.50333,0 0.0774,1.491841 0.15489,2.983683 0.23468,4.520732 -0.0774,1.602347 -0.15489,3.204696 -0.23468,4.8556 -1.23916,0.884055 -2.47831,1.768109 -3.75501,2.678953 -1.25167,-1.339477 -1.25167,-1.339477 -1.56459,-5.860208 0.31292,-4.855602 0.31292,-4.855602 2.03396,-7.36712 4.71695,-3.49467 7.73358,-2.783159 13.29899,-1.50691 z"
       fill="#c82c22"
       id="path93"
       style="stroke-width:1.29482" /><path
       d="m 153.63464,72.351388 c -4.31138,3.075891 -7.43257,3.40249 -12.51669,4.018429 0,0.884054 0,1.768108 0,2.678952 -0.6825,0.293533 -1.36501,0.587067 -2.06819,0.889496 -6.53913,2.942695 -12.09985,6.385853 -17.7825,10.935567 -2.67935,1.569698 -2.67935,1.569698 -8.93769,1.569698 0,-4.862298 0,-9.724597 0,-14.734237 0.41305,0 0.8261,0 1.25166,0 0.41305,3.978244 0.82611,7.956488 1.25168,12.055285 2.98866,-1.857096 5.91382,-3.75933 8.74211,-5.886369 9.28531,-6.959203 18.44937,-12.607231 30.05962,-11.526821 z"
       fill="#28190d"
       id="path95"
       style="stroke-width:1.29482" /><path
       d="m 163.49153,135.13933 c 1.1004,0.0121 2.20079,0.0242 3.33452,0.0367 2.6958,0.0313 5.39143,0.0794 8.08696,0.13081 0.41305,1.7681 0.8261,3.53622 1.25167,5.3579 -1.14522,-0.0107 -1.14522,-0.0107 -2.31357,-0.0213 -3.47926,-0.028 -6.9585,-0.0453 -10.43781,-0.0625 -1.20124,-0.0112 -2.40247,-0.0224 -3.6401,-0.034 -1.16574,-0.004 -2.33149,-0.009 -3.53254,-0.013 -1.06844,-0.007 -2.13686,-0.014 -3.23766,-0.0213 -3.23911,0.15771 -6.22328,0.72662 -9.38171,1.49156 0,-1.32609 0,-2.65217 0,-4.01843 6.73657,-3.00185 12.71377,-2.99634 19.87024,-2.84639 z"
       fill="#e1e3e3"
       id="path96"
       style="stroke-width:1.29482" /><path
       d="m 162.47455,132.37667 c 1.00439,-0.0164 2.00878,-0.0328 3.04361,-0.0497 9.05583,-0.0242 9.05583,-0.0242 13.14985,2.97981 0,2.65217 0,5.30432 0,8.03686 -1.23914,0.66304 -1.23914,0.66304 -2.50333,1.33947 -0.41305,-2.65216 -0.8261,-5.30432 -1.25167,-8.03686 -3.80724,-0.0363 -7.61416,-0.0628 -11.42148,-0.0837 -1.07135,-0.0112 -2.1427,-0.0224 -3.24651,-0.034 -5.69264,-0.0234 -11.02105,0.20892 -16.62373,1.45721 0,1.32607 0,2.65216 0,4.01842 0.8261,0.44203 1.6522,0.88406 2.50334,1.33948 -1.65221,0 -3.30441,0 -5.00668,0 -0.23469,-3.18125 -0.23469,-3.18125 0,-6.69738 6.66899,-4.75789 13.58738,-4.26287 21.3566,-4.26958 z"
       fill="#171411"
       id="path98"
       style="stroke-width:1.29482" /><path
       d="m 142.83899,100.0618 c 4.5373,0.41859 4.5373,0.41859 6.68372,2.55862 2.13758,4.27609 1.97841,7.43912 1.84328,12.25934 -0.0338,1.56781 -0.0678,3.13563 -0.10264,4.75095 -0.0436,1.19485 -0.0871,2.38971 -0.132,3.62078 -1.65221,-0.44204 -3.30442,-0.88406 -5.00668,-1.33948 -0.092,-1.38047 -0.092,-1.38047 -0.1858,-2.78883 -0.0936,-1.20694 -0.18716,-2.41388 -0.28358,-3.6574 -0.0871,-1.19658 -0.17425,-2.39316 -0.26402,-3.626 -0.35112,-3.64935 -0.35112,-3.64935 -3.02161,-7.34096 -2.56598,-1.59709 -2.56598,-1.59709 -5.00668,-2.67896 1.25167,-1.33947 1.25167,-1.33947 5.47605,-1.75806 z"
       fill="#dadada"
       id="path100"
       style="stroke-width:1.29482" /><path
       d="m 95.901416,107.51264 c 0.87773,0.33152 1.75546,0.66304 2.65978,1.00461 1.01698,2.9301 1.01698,2.9301 1.25168,6.69738 -3.05094,3.76727 -3.05094,3.76727 -6.25834,6.69738 -2.503341,-1.75807 -2.503341,-1.75807 -5.00668,-4.01843 0,-1.32608 0,-2.65216 0,-4.01843 -1.239156,-0.44203 -2.478301,-0.88405 -3.755005,-1.33947 6.624215,-5.44034 6.624215,-5.44034 11.108565,-5.02304 z"
       fill="#cfc6bf"
       id="path101"
       style="stroke-width:1.29482" /><path
       d="m 173.69556,97.696787 c 2.94243,0.35628 5.82001,0.84473 8.72746,1.44413 1.26497,0.24863 2.52994,0.49727 3.83323,0.75345 0.80029,0.193393 1.60058,0.386783 2.42511,0.586023 0,1.32608 0,2.65217 0,4.01843 0.41305,0.88405 0.8261,1.7681 1.25167,2.67895 -1.23915,0.66304 -1.23915,0.66304 -2.50333,1.33948 -0.58518,3.15579 -0.58518,3.15579 -0.7823,6.7811 -0.0936,1.23111 -0.18716,2.46223 -0.28358,3.73064 -0.0614,0.9514 -0.12262,1.90279 -0.1858,2.88302 -0.82609,0 -1.6522,0 -2.50333,0 -0.0614,-1.22594 -0.12263,-2.45187 -0.1858,-3.71496 -0.14037,-2.38797 -0.14037,-2.38797 -0.28358,-4.82421 -0.0871,-1.58508 -0.17426,-3.17016 -0.26403,-4.80327 -0.14548,-4.21223 -0.14548,-4.21223 -3.0216,-6.74971 -2.48859,-0.53262 -4.99346,-0.98819 -7.51001,-1.33947 0,0.88405 0,1.7681 0,2.67896 1.23915,0.44202 2.4783,0.88405 3.755,1.33947 -3.755,1.33947 -3.755,1.33947 -6.49303,0.0837 -0.74866,-0.46966 -1.4973,-0.93931 -2.26865,-1.4232 1.50013,-3.531803 2.52405,-5.307133 6.29257,-5.462543 z"
       fill="#252321"
       id="path102"
       style="stroke-width:1.29482" /><path
       d="m 172.40967,100.48039 c 6.79097,-0.484493 6.79097,-0.484493 9.62221,1.42319 2.52448,3.98804 1.99942,7.48198 1.8775,12.22273 -0.0338,1.70421 -0.0678,3.40844 -0.10264,5.1643 -0.0436,1.30709 -0.0871,2.61418 -0.13202,3.96088 -1.65221,-0.44204 -3.3044,-0.88406 -5.00668,-1.33948 -0.0758,-1.01701 -0.15166,-2.03401 -0.22979,-3.08184 -0.10488,-1.33126 -0.20976,-2.66253 -0.31781,-4.03413 -0.1016,-1.3209 -0.2033,-2.6418 -0.30803,-4.00273 -0.29355,-3.74112 -0.29355,-3.74112 -1.6477,-7.63396 -1.23915,0 -2.47831,0 -3.75501,0 0,-0.88407 0,-1.76812 0,-2.67896 z"
       fill="#e0dfe0"
       id="path103"
       style="stroke-width:1.29482" /><path
       d="m 47.242784,42.882914 c 2.065254,0 4.130507,0 6.258344,0 0.413051,5.304325 0.826102,10.608651 1.251669,16.073713 -4.956609,0 -9.913217,0 -15.020026,0 0.413051,-0.884054 0.826101,-1.768108 1.251669,-2.678952 2.478304,0.663041 2.478304,0.663041 5.006675,1.339476 0.413051,-4.862298 0.826102,-9.724596 1.251669,-14.734237 z"
       fill="#f8b712"
       id="path105"
       style="stroke-width:1.29482" /><path
       d="m 39.732771,60.296103 c 16.237936,-0.594652 31.273857,2.219715 45.06008,12.055285 0,0.884055 0,1.768109 0,2.678953 -3.179084,-1.316945 -6.266652,-2.683384 -9.319072,-4.311439 -11.574623,-5.922463 -23.124546,-6.797609 -35.741008,-7.743846 0,-0.884055 0,-1.768108 0,-2.678953 z"
       fill="#150b06"
       id="path108"
       style="stroke-width:1.29482" /><path
       d="m 171.158,50.919771 c 1.65221,0.884053 3.30441,1.768108 5.00668,2.678951 0,0.884055 0,1.76811 0,2.678953 0.8261,0 1.6522,0 2.50333,0 0,3.978244 0,7.956488 0,12.055285 -4.13051,0 -8.261,0 -12.51669,0 0.82611,-1.132695 1.65221,-2.265389 2.50334,-3.432408 2.81967,-5.186276 2.94365,-8.090821 2.50334,-13.980781 z"
       fill="#f9bb19"
       id="path109"
       style="stroke-width:1.29482" /><path
       d="m 196.19138,100.48039 c 2.94686,4.73038 4.142,9.49519 5.55428,14.90167 1.69379,6.38244 3.4128,12.68916 5.55428,18.9201 1.34078,4.7828 1.69654,7.07572 0.15646,11.72041 -0.41305,0 -0.8261,0 -1.25167,0 -0.2275,-1.05154 -0.455,-2.10308 -0.6894,-3.18648 -2.01404,-9.26638 -2.01404,-9.26638 -5.09957,-18.16141 -1.54336,-3.67864 -2.41123,-6.83377 -2.97271,-10.79953 -0.8261,1.32609 -1.6522,2.65216 -2.50334,4.01843 -0.12223,-8.24092 -0.12223,-8.24092 0,-10.71581 0.41306,-0.44202 0.82611,-0.88406 1.25167,-1.33948 0,-1.7681 0,-3.53621 0,-5.3579 z"
       fill="#25190d"
       id="path112"
       style="stroke-width:1.29482" /><path
       d="m 72.276161,93.78301 c 0.826102,1.326074 1.652203,2.652158 2.503339,4.018427 -1.342416,0.22101 -2.684831,0.44202 -4.067925,0.66973 -3.246507,0.94432 -4.420203,1.595843 -6.390356,4.573063 -1.22705,2.68315 -2.33151,5.35506 -3.310077,8.15197 -1.652203,0 -3.304406,0 -5.006676,0 0.560861,-6.60226 3.554343,-11.16798 7.510014,-16.073716 3.172001,-1.69726 5.249977,-1.715286 8.761681,-1.339474 z"
       fill="#dddedf"
       id="path114"
       style="stroke-width:1.29482" /><path
       d="m 97.309536,103.15935 c 2.58157,1.25575 2.58157,1.25575 5.006684,4.01842 0.34717,5.25039 0.10253,10.25463 -3.046064,14.44123 -1.96062,1.63249 -1.96062,1.63249 -4.46396,1.63249 0.25816,1.49184 0.51632,2.98367 0.7823,4.52072 0.15489,1.60235 0.30979,3.2047 0.46938,4.85561 -0.82611,0.88405 -1.65221,1.7681 -2.50334,2.67895 -0.154902,-1.29846 -0.309792,-2.59692 -0.46938,-3.93471 -0.387237,-2.03057 -0.387237,-2.03057 -0.782296,-4.10215 -0.826093,-0.44203 -1.652197,-0.88406 -2.503329,-1.33948 0,-0.88405 0,-1.7681 0,-2.67894 1.21333,-0.77356 2.42667,-1.5471 3.676775,-2.34408 4.19296,-2.6395 4.19296,-2.6395 4.92844,-7.36712 0.0516,-1.21559 0.10326,-2.43116 0.15645,-3.68357 -1.47148,-0.29008 -1.47148,-0.29008 -2.9727,-0.58602 -3.285636,-0.75345 -3.285636,-0.75345 -5.788965,-2.09293 2.4783,-1.32608 4.956605,-2.65216 7.510005,-4.01842 z"
       fill="#170e0a"
       id="path115"
       style="stroke-width:1.29482" /><path
       d="m 67.269486,41.543438 c 2.346879,2.092931 2.346879,2.092931 3.755006,4.018427 -1.239152,0 -2.478303,0 -3.755006,0 0,1.326082 0,2.652163 0,4.018429 -1.239152,0 -2.478305,0 -3.755006,0 0.41305,2.210136 0.826101,4.420271 1.251668,6.697381 -1.652203,-0.442027 -3.304406,-0.884055 -5.006675,-1.339476 0.02581,-1.270828 0.05163,-2.541656 0.07823,-3.850994 0.204046,-4.060841 0.204046,-4.060841 -1.329898,-6.864815 -1.652203,1.326081 -3.304406,2.652163 -5.006676,4.018428 0.42982,-3.449786 0.751086,-4.941249 3.363861,-7.115967 3.917161,-1.246258 6.488862,-0.74044 10.404496,0.418587 z"
       fill="#c9381f"
       id="path116"
       style="stroke-width:1.29482" /><path
       d="m 53.501128,136.64624 c -1.251669,4.01843 -1.251669,4.01843 -3.207401,5.60906 -4.603344,1.6421 -8.202181,1.50127 -13.064294,1.08833 -2.503338,-2.00922 -2.503338,-2.00922 -3.755007,-4.01843 0.826102,0 1.652203,0 2.503338,0 0,-0.88406 0,-1.76811 0,-2.67896 2.450322,-0.26061 4.901727,-0.50959 7.353555,-0.75345 2.047505,-0.20979 2.047505,-0.20979 4.136374,-0.42382 3.530097,-0.1622 3.530097,-0.1622 6.033435,1.17727 z"
       fill="#2d1313"
       id="path118"
       style="stroke-width:1.29482" /><path
       d="m 156.13797,45.561865 c 0,1.326082 0,2.652163 0,4.018429 -0.8261,0 -1.65219,0 -2.50333,0 -0.41306,3.978244 -0.8261,7.956489 -1.25167,12.055285 -0.41305,0 -0.8261,0 -1.25167,0 0,-3.978243 0,-7.956488 0,-12.055285 -6.75368,-0.657042 -11.9854,2.162707 -17.75806,5.692774 -2.89973,1.284067 -4.32746,0.579521 -7.27532,-0.334869 2.52225,-1.327273 5.05349,-2.635001 7.58825,-3.934712 1.40856,-0.73038 2.81714,-1.460761 4.26838,-2.213275 6.13612,-2.625175 11.61179,-3.228347 18.18342,-3.228347 z"
       fill="#f0af2d"
       id="path121"
       style="stroke-width:1.29482" /><path
       d="m 137.36294,108.51725 c 1.65221,0.44202 3.30441,0.88405 5.00668,1.33947 0,2.21014 0,4.42028 0,6.69738 -1.23915,0.44203 -2.47831,0.88406 -3.75501,1.33948 0.41305,2.65216 0.8261,5.30433 1.25167,8.03685 -1.23915,0 -2.47831,0 -3.755,0 -2.86588,-6.61809 -2.86588,-6.61809 -1.8335,-10.65825 0.93936,-2.29575 2.00472,-4.53138 3.08516,-6.75493 z"
       fill="#131416"
       id="path139"
       style="stroke-width:1.29482" /><path
       d="m 36.44714,84.071804 c 4.5373,0.33487 4.5373,0.33487 6.962408,2.176649 1.329898,2.176649 1.329898,2.176649 1.329898,4.855602 -3.717457,-0.663041 -3.717457,-0.663041 -7.510013,-1.339477 0.41305,-0.884054 0.826101,-1.768108 1.251669,-2.678952 -2.065254,0.442027 -4.130507,0.884054 -6.258345,1.339476 -1.239152,3.978244 -2.478303,7.956488 -3.755006,12.055288 0.826102,0.44203 1.652203,0.88405 2.503338,1.33947 -1.652204,0.44203 -3.304406,0.88407 -5.006676,1.33949 -0.57292,-7.663907 0.575341,-11.377671 5.006676,-17.413201 1.251668,-1.339475 1.251668,-1.339475 5.476051,-1.674345 z"
       fill="#242221"
       id="path141"
       style="stroke-width:1.29482" /><path
       d="m 86.044516,75.030341 c 10.88654,2.980295 16.062434,12.276306 22.530044,21.431616 -0.8261,0.884052 -1.6522,1.76812 -2.50334,2.67896 -0.90355,-1.40897 -1.80709,-2.817927 -2.73802,-4.269588 -4.003804,-5.981692 -8.623804,-10.826859 -13.924817,-15.487691 -1.11008,-0.99456 -2.22015,-1.989122 -3.363867,-3.013821 0,-0.442027 0,-0.884055 0,-1.339476 z"
       fill="#24190a"
       id="path142"
       style="stroke-width:1.29482" /><path
       d="m 45.991115,44.22239 c 1.549568,4.790567 0.937827,8.488189 0,13.394761 3.717456,0.442027 7.434913,0.884054 11.265021,1.339476 0,0.442027 0,0.884054 0,1.339476 -6.608813,0 -13.217625,0 -20.026703,0 C 43.17486,47.236211 43.17486,47.236211 45.991115,44.22239 Z"
       fill="#e5b234"
       id="path143"
       style="stroke-width:1.29482" /><path
       d="m 123.59459,146.02257 c 4.68232,1.67027 6.58121,4.2765 10.01335,8.03686 2.06355,1.81573 4.14307,3.61165 6.25834,5.35791 -0.87773,-0.0967 -1.75547,-0.19339 -2.6598,-0.29301 -7.08204,-0.74141 -14.00728,-1.19012 -21.12191,-1.04647 0,-0.88405 0,-1.7681 0,-2.67895 5.57619,-0.66305 5.57619,-0.66305 11.26502,-1.33948 -1.85872,-3.97824 -1.85872,-3.97824 -3.755,-8.03686 z"
       fill="#180e0c"
       id="path147"
       style="stroke-width:1.29482" /><path
       d="m 66.017817,79.048769 c 6.707682,0.44864 11.399502,4.783634 16.271695,9.376333 0.413051,0.884054 0.826103,1.768108 1.251675,2.678953 -3.338269,1.455444 -4.674032,1.485523 -8.05762,0 -4.190882,-3.500392 -6.538831,-7.312166 -9.46575,-12.055286 z"
       fill="#e2cec2"
       id="path149"
       style="stroke-width:1.29482" /><path
       d="m 78.534507,97.801437 c 0.413052,0 0.826104,0 1.251665,0 0.826104,3.094193 1.652207,6.188383 2.50334,9.376333 0.826103,-0.44202 1.652207,-0.88406 2.503339,-1.33948 0,2.65217 0,5.30433 0,8.03686 1.239156,0 2.478301,0 3.755005,0 0,1.32609 0,2.65216 0,4.01843 -1.239156,0.44202 -2.478301,0.88406 -3.755005,1.33948 -2.879164,-1.96073 -5.096571,-4.11464 -7.510019,-6.69738 0.02938,-3.48474 0.02938,-3.48474 0.46938,-7.53456 0.13876,-1.34334 0.27752,-2.6867 0.42048,-4.07075 0.119402,-1.032553 0.238803,-2.065103 0.361815,-3.128933 z"
       fill="#fae4d4"
       id="path151"
       style="stroke-width:1.29482" /><path
       d="m 166.15132,109.85672 c 0.82611,0 1.65221,0 2.50334,0 1.23916,3.97824 2.47831,7.9565 3.75501,12.05529 -0.8261,0.88406 -1.6522,1.76811 -2.50333,2.67895 -1.65221,0 -3.30442,0 -5.00668,0 -0.0336,-2.20444 -0.0581,-4.40904 -0.0782,-6.61367 -0.0145,-1.22765 -0.0291,-2.45531 -0.044,-3.72018 0.12224,-3.06091 0.12224,-3.06091 1.3739,-4.40039 z"
       fill="#030302"
       id="path155"
       style="stroke-width:1.29482" /><path
       d="m 136.11128,101.81986 c 1.23914,0.44203 2.4783,0.88407 3.755,1.33949 0,1.32607 0,2.65215 0,4.01842 -0.8261,0.88406 -1.6522,1.76811 -2.50334,2.67895 -0.89293,2.44755 -0.89293,2.44755 -1.48636,5.19047 -0.22427,0.90823 -0.44854,1.81646 -0.67961,2.75221 -0.37455,3.07878 0.0459,5.19157 0.91431,8.13103 -1.23916,0 -2.47831,0 -3.75502,0 -0.1016,-3.01302 -0.17432,-6.02716 -0.23468,-9.04145 -0.0436,-1.67833 -0.0871,-3.35665 -0.13201,-5.08583 0.38168,-4.81437 1.04754,-6.56393 4.12171,-9.98329 z"
       fill="#060403"
       id="path156"
       style="stroke-width:1.29482" /><path
       d="m 47.242784,71.011913 c 2.065254,0.442026 4.130507,0.884053 6.258344,1.339475 -0.413051,0.884055 -0.826102,1.768109 -1.251669,2.678953 -1.239152,-0.884055 -2.478303,-1.768109 -3.755006,-2.678953 -0.413051,3.978245 -0.826102,7.956488 -1.251669,12.055286 -2.034795,-0.6388 -4.068566,-1.281339 -6.101886,-1.925498 -1.132663,-0.357419 -2.265324,-0.71484 -3.43231,-1.083092 -2.982493,-1.009839 -2.982493,-1.009839 -5.485831,-2.349315 0,-0.884054 0,-1.768109 0,-2.678952 6.195761,1.326081 6.195761,1.326081 12.516689,2.678952 0.826102,-2.652163 1.652204,-5.304325 2.503338,-8.036856 z"
       fill="#2f221c"
       id="path157"
       style="stroke-width:1.29482" /><path
       d="m 99.812876,142.00415 c 1.372574,4.40657 1.000744,6.313 0,10.71581 3.304404,0.44202 6.608814,0.88405 10.013354,1.33947 0.41305,-1.32608 0.8261,-2.65215 1.25166,-4.01843 0.82611,0 1.65221,0 2.50334,0 0,1.32609 0,2.65217 0,4.01843 -0.8261,0 -1.6522,0 -2.50334,0 0,0.88406 0,1.76811 0,2.67896 -5.31309,0.44594 -7.95489,0.58784 -12.438454,-2.67896 -0.85192,-0.88405 -1.70384,-1.7681 -2.58156,-2.67895 2.34687,-7.86942 2.34687,-7.86942 3.755,-9.37633 z"
       fill="#1a100a"
       id="path164"
       style="stroke-width:1.29482" /><path
       d="m 78.534507,83.067198 c 5.372737,2.053442 7.534075,5.314651 10.013349,10.715812 0.406926,4.946677 0.296371,9.78292 0,14.73424 -0.826104,0.44202 -1.652197,0.88405 -2.50334,1.33947 -0.03228,-0.97039 -0.06456,-1.94077 -0.09778,-2.94057 C 85.4876,98.540797 84.684425,93.637953 79.786179,87.085626 79.373127,85.759545 78.960076,84.433463 78.534515,83.067198 Z"
       fill="#1d1313"
       id="path168"
       style="stroke-width:1.29482" /><path
       d="m 60.385308,34.427471 c 6.902647,0.118449 12.937362,1.964579 19.400864,4.437014 -2.263761,1.407496 -2.263761,1.407496 -5.006672,2.678953 -2.038351,-0.578725 -4.074978,-1.175876 -6.07255,-1.899335 -5.35023,-1.551106 -10.944664,-1.713699 -16.457491,-2.119093 3.053949,-3.268191 3.936426,-3.076207 8.135849,-3.097539 z"
       fill="#2f1f0d"
       id="path169"
       style="stroke-width:1.29482" /><path
       d="m 146.12463,144.6831 c 11.77823,-0.4943 11.77823,-0.4943 17.52336,2.67896 0,0.88405 0,1.7681 0,2.67894 -11.99242,0.75493 -11.99242,0.75493 -17.52336,-4.01843 0,-0.44202 0,-0.88405 0,-1.33947 z"
       fill="#a9212d"
       id="path171"
       style="stroke-width:1.29482" /><path
       d="m 159.89298,135.30677 c 4.95661,0 9.91322,0 15.02003,0 0.41305,1.7681 0.8261,3.53622 1.25167,5.3579 -5.87062,-0.75823 -11.69685,-1.58778 -17.52337,-2.67895 0.41306,-0.88406 0.82611,-1.76811 1.25167,-2.67895 z"
       fill="#fafbfb"
       id="path175"
       style="stroke-width:1.29482" /><path
       d="m 76.031168,96.461957 c 0.413051,0 0.826103,0 1.251664,0 0.06777,2.37154 0.116215,4.743723 0.156463,7.115973 0.02908,1.32091 0.05805,2.6418 0.08805,4.00273 -0.244472,3.61554 -0.244472,3.61554 -2.747805,7.63397 -1.239152,-0.88406 -2.478305,-1.76811 -3.755007,-2.67895 0.353119,-2.17891 0.720991,-4.35508 1.09521,-6.52995 0.203299,-1.21213 0.406597,-2.42425 0.616056,-3.6731 0.792071,-3.191713 0.792071,-3.191713 3.295409,-5.870673 z"
       fill="#080708"
       id="path176"
       style="stroke-width:1.29482" /><path
       d="m 83.541187,71.011913 c 2.891352,0 5.782704,0 8.761673,0 0.826104,1.768108 1.652206,3.536216 2.503336,5.357904 1.65221,0 3.3044,0 5.00668,0 0,2.652163 0,5.304326 0,8.036857 -3.12917,-1.84178 -3.12917,-1.84178 -6.25834,-4.018429 0,-0.884054 0,-1.768108 0,-2.678952 -1.652208,-0.442027 -3.304405,-0.884054 -5.00668,-1.339476 0,-0.884055 0,-1.768108 0,-2.678953 -1.652197,-0.884053 -3.304405,-1.768108 -5.006669,-2.678951 z"
       fill="#e7b02d"
       id="path179"
       style="stroke-width:1.29482" /><path
       d="m 93.554536,109.85672 c 1.23914,0.44203 2.4783,0.88406 3.755,1.33948 -0.41305,2.21013 -0.8261,4.42027 -1.25166,6.69738 -2.06526,0.44202 -4.130509,0.88406 -6.258345,1.33948 -0.413052,-1.76811 -0.826104,-3.53622 -1.251675,-5.35791 2.268655,-2.09293 2.268655,-2.09293 5.00668,-4.01843 z"
       fill="#615b54"
       id="path181"
       style="stroke-width:1.29482" /><path
       d="m 191.18471,97.801437 c 0.82609,0 1.6522,0 2.50333,0 -0.41305,7.956493 -0.82609,15.912973 -1.25167,24.110573 -0.41305,0 -0.8261,0 -1.25166,0 -0.24447,-2.74698 -0.48893,-5.49395 -0.73341,-8.24092 -0.25653,-1.22507 -0.25653,-1.22507 -0.51827,-2.47489 -0.8261,-0.44202 -1.65219,-0.88406 -2.50333,-1.33948 0.41305,-1.32608 0.8261,-2.65215 1.25167,-4.01843 -0.8261,-0.44202 -1.65221,-0.88405 -2.50334,-1.33947 1.60292,-2.28716 3.27646,-4.519043 5.00668,-6.697383 z"
       fill="#fae9d7"
       id="path182"
       style="stroke-width:1.29482" /><path
       d="m 177.41635,133.96729 c 1.25166,1.33948 1.25166,1.33948 1.32989,5.44163 -0.0259,1.29845 -0.0516,2.5969 -0.0782,3.93471 -1.23914,0.66304 -1.23914,0.66304 -2.50333,1.33947 -0.41305,-2.65216 -0.8261,-5.30433 -1.25167,-8.03686 -6.60881,-0.44202 -13.21762,-0.88405 -20.0267,-1.33947 0,-0.44202 0,-0.88406 0,-1.33948 16.21848,-1.82549 16.21848,-1.82549 22.53004,0 z"
       fill="#312f2d"
       id="path187"
       style="stroke-width:1.29482" /><path
       d="m 157.38965,50.919771 c 0.82609,0 1.6522,0 2.50333,0 0,0.884053 0,1.768108 0,2.678951 2.06526,0.442028 4.13051,0.884055 6.25834,1.339477 0,2.210135 0,4.420271 0,6.69738 -0.82609,0 -1.65219,0 -2.50333,0 0,-1.768108 0,-3.536217 0,-5.357904 -0.8261,0 -1.6522,0 -2.50334,0 0,2.210136 0,4.420271 0,6.697381 -0.8261,0 -1.6522,0 -2.50334,0 -0.41305,-3.978245 -0.8261,-7.956489 -1.25166,-12.055285 z"
       fill="#f4d8d4"
       id="path188"
       style="stroke-width:1.29482" /><path
       d="m 201.19806,135.30677 c 0.41305,1.32608 0.8261,2.65216 1.25166,4.01843 1.23916,-0.44204 2.47831,-0.88406 3.75501,-1.33948 0.41305,1.76811 0.8261,3.53621 1.25167,5.35791 0.82611,0 1.6522,0 2.50334,0 -0.41305,1.7681 -0.8261,3.53621 -1.25167,5.3579 -2.89136,-0.44203 -5.78271,-0.88405 -8.76169,-1.33947 0,-0.88407 0,-1.76812 0,-2.67896 0.82611,0 1.65221,0 2.50334,0 -0.41305,-3.09419 -0.8261,-6.18838 -1.25166,-9.37633 z"
       fill="#512e13"
       id="path190"
       style="stroke-width:1.29482" /><path
       d="m 181.17135,108.51725 c 0.8261,0.44202 1.65221,0.88405 2.50334,1.33947 0,4.42028 0,8.84055 0,13.39477 -1.65221,-0.44204 -3.3044,-0.88406 -5.00668,-1.33948 0.17585,-1.98201 0.35992,-3.96317 0.54761,-5.94393 0.10161,-1.10333 0.2033,-2.20668 0.30802,-3.34345 0.39605,-2.76791 0.39605,-2.76791 1.64771,-4.10738 z"
       fill="#f1f1ef"
       id="path191"
       style="stroke-width:1.29482" /><path
       d="m 37.54235,86.081019 c 1.084259,0.497281 1.084259,0.497281 2.190421,1.004607 -0.980996,0.966934 -1.961991,1.933868 -2.972714,2.930104 -3.090526,3.543567 -4.452941,5.91544 -5.788968,10.46466 -0.826102,0 -1.652204,0 -2.503338,0 0.368793,-5.130634 0.663952,-8.508823 3.520319,-12.725026 2.738025,-2.009215 2.738025,-2.009215 5.55428,-1.674345 z"
       fill="#d9dbda"
       id="path192"
       style="stroke-width:1.29482" /><path
       d="m 175.1477,93.699289 c 2.36213,0.04146 2.36213,0.04146 4.77199,0.08378 0,1.326084 0,2.652168 0,4.018438 -2.09108,0.29008 -2.09108,0.29008 -4.22439,0.58602 -4.31378,0.46375 -4.31378,0.46375 -7.04064,2.092923 0,-0.884053 0,-1.768103 0,-2.678943 -0.8261,0 -1.65219,0 -2.50334,0 0,-0.884061 0,-1.768113 0,-2.678965 3.44308,-1.228204 5.45664,-1.485289 8.99638,-1.423195 z"
       fill="#f7e0d1"
       id="path201"
       style="stroke-width:1.29482" /><path
       d="m 149.87963,75.030341 c 0,0.884054 0,1.768108 0,2.678952 -0.80029,0.16576 -1.60057,0.33152 -2.42511,0.502303 -0.85192,0.276268 -1.70383,0.552535 -2.58157,0.837173 -0.41304,0.884054 -0.82609,1.768109 -1.25166,2.678952 -2.06525,0 -4.13051,0 -6.25835,0 -0.41305,0.884055 -0.8261,1.768108 -1.25166,2.678953 -1.23916,-0.442027 -2.47831,-0.884055 -3.75502,-1.339476 -0.41305,0.884053 -0.82609,1.768108 -1.25166,2.678951 0,-1.326081 0,-2.652163 0,-4.018428 3.63735,-1.683252 6.00306,-2.678952 10.01335,-2.678952 0,-0.884054 0,-1.768109 0,-2.678952 3.755,-1.339476 3.755,-1.339476 8.76168,-1.339476 z"
       fill="#513222"
       id="path202"
       style="stroke-width:1.29482" /><path
       d="m 62.262811,42.882914 c 0.826101,0 1.652203,0 2.503337,0 0.413051,1.768108 0.826102,3.536216 1.251669,5.357904 -0.826101,0 -1.652203,0 -2.503337,0 0.41305,2.652163 0.826101,5.304326 1.251668,8.036857 -1.652203,-0.442027 -3.304406,-0.884055 -5.006675,-1.339476 -0.156459,-4.520732 -0.156459,-4.520732 0,-9.376334 0.826102,-0.884053 1.652202,-1.768108 2.503338,-2.678951 z"
       fill="#edc3c5"
       id="path212"
       style="stroke-width:1.29482" /><path
       d="m 67.269486,45.561865 c 1.239152,0 2.478305,0 3.755006,0 0.312918,7.534554 0.312918,7.534554 -2.503337,12.055286 -0.826102,0 -1.652203,0 -2.503338,0 -0.413051,-2.652162 -0.826101,-5.304325 -1.251669,-8.036857 0.826102,0 1.652203,0 2.503338,0 0,-1.326081 0,-2.652162 0,-4.018429 z"
       fill="#d11b18"
       id="path213"
       style="stroke-width:1.29482" /><path
       d="m 35.977764,136.64624 c 4.543558,0 9.087116,0 13.768358,0 0,0.88406 0,1.76811 0,2.67896 -4.023505,2.15288 -8.055898,1.41647 -12.516689,1.33947 -0.41305,-1.32608 -0.826101,-2.65216 -1.251669,-4.01843 z"
       fill="#ac232d"
       id="path221"
       style="stroke-width:1.29482" /><path
       d="m 127.34959,105.83829 c 2.47831,0.66305 2.47831,0.66305 5.00667,1.33948 0,4.8623 0,9.72459 0,14.73424 -0.41305,0 -0.82609,0 -1.25166,0 0,-3.53622 0,-7.07244 0,-10.71581 -0.8261,0 -1.65221,0 -2.50334,0 -0.41305,1.76811 -0.8261,3.53622 -1.25167,5.3579 -1.00074,-4.4028 -1.37256,-6.30924 0,-10.71581 z"
       fill="#dfcab8"
       id="path222"
       style="stroke-width:1.29482" /><path
       d="m 32.222757,113.87515 c 3.304407,0.44202 6.608812,0.88406 10.013352,1.33948 -1.239153,1.98912 -1.239153,1.98912 -2.503338,4.01843 -0.826101,-0.44204 -1.652203,-0.88406 -2.503338,-1.33948 0,0.88406 0,1.76811 0,2.67895 -2.065253,-0.44202 -4.130507,-0.88405 -6.258344,-1.33947 0.41305,-1.76811 0.826101,-3.53622 1.251668,-5.35791 z"
       fill="#dcdddd"
       id="path228"
       style="stroke-width:1.29482" /><path
       d="m 113.58123,69.672436 c 0.82611,0 1.65221,0 2.50334,0 0,5.304326 0,10.608651 0,16.073713 1.65221,0.442027 3.30441,0.884055 5.00668,1.339477 -3.09788,1.989121 -3.09788,1.989121 -6.25834,4.018429 -0.41306,-7.072435 -0.82611,-14.144869 -1.25168,-21.431619 z"
       fill="#bd9b37"
       id="path229"
       style="stroke-width:1.29482" /><path
       d="m 69.772824,112.53568 c 3.09788,1.32607 3.09788,1.32607 6.258344,2.67895 -0.413052,1.7681 -0.826101,3.53622 -1.251668,5.3579 -3.707132,-0.82079 -5.483046,-1.67933 -8.761683,-4.01843 0.826102,0 1.652203,0 2.503338,0 0.413051,-1.32607 0.826101,-2.65216 1.251669,-4.01842 z"
       fill="#191516"
       id="path239"
       style="stroke-width:1.29482" /><path
       d="m 68.521155,101.81986 c 2.478304,0.66304 2.478304,0.66304 5.006675,1.33949 -0.41305,2.21013 -0.826101,4.42026 -1.251669,6.69737 -1.652202,0.44203 -3.304405,0.88406 -5.006675,1.33948 0.413051,-3.09419 0.826102,-6.18838 1.251669,-9.37634 z"
       fill="#dededc"
       id="path240"
       style="stroke-width:1.29482" /><path
       d="m 99.812876,84.406674 c 2.478304,0 4.956614,0 7.510014,0 0,3.094189 0,6.188379 0,9.376336 0.8261,0 1.6522,0 2.50334,0 0.41305,2.210137 0.8261,4.420267 1.25166,6.69738 -4.88612,-4.647912 -7.96798,-10.116048 -11.265014,-16.073716 z"
       fill="#e6b334"
       id="path241"
       style="stroke-width:1.29482" /><path
       d="m 109.82623,64.314532 c 0.41305,0.884054 0.8261,1.768108 1.25166,2.678952 1.23916,0 2.47831,0 3.75502,0 0,7.514461 0,15.028922 0,22.771094 -0.41306,0 -0.82611,0 -1.25168,0 -0.16619,-1.163775 -0.33238,-2.327549 -0.50359,-3.526591 -0.22105,-1.543639 -0.4421,-3.087281 -0.66984,-4.677701 -0.21782,-1.52292 -0.43564,-3.045842 -0.66006,-4.614913 -0.61464,-4.21535 -1.25836,-8.423959 -1.92151,-12.630841 z"
       fill="#0d0606"
       id="path242"
       style="stroke-width:1.29482" /><path
       d="m 69.772824,60.296103 c 7.197092,1.172041 7.197092,1.172041 10.013348,2.678953 0,0.884053 0,1.768108 0,2.678951 1.825349,2.176844 1.825349,2.176844 3.755015,4.018429 -2.50334,1.339477 -2.50334,1.339477 -5.00668,0.502304 -3.218462,-2.367917 -3.630255,-4.709411 -5.006677,-8.539161 -1.239151,-0.442027 -2.478304,-0.884054 -3.755006,-1.339476 z"
       fill="#e9ad26"
       id="path243"
       style="stroke-width:1.29482" /><path
       d="m 112.32957,105.83829 c 0.41305,0 0.8261,0 1.25166,0 -0.80341,6.87825 -2.10621,13.38719 -3.755,20.09214 -2.50334,-4.01842 -2.50334,-4.01842 -2.11219,-7.36712 0.63645,-2.47674 1.35314,-4.93023 2.11219,-7.36711 0.8261,0 1.6522,0 2.50334,0 0,-1.76811 0,-3.53621 0,-5.35791 z"
       fill="#140b09"
       id="path251"
       style="stroke-width:1.29482" /><path
       d="m 189.93303,77.709293 c 5.68334,0.640214 5.68334,0.640214 7.97939,3.432407 1.17768,4.915145 0.30785,8.990339 -0.46937,13.980784 -2.50334,-2.678954 -2.50334,-2.678954 -2.58157,-6.613665 0.0258,-1.353708 0.0516,-2.707416 0.0782,-4.102145 -0.41305,-1.326082 -0.8261,-2.652163 -1.25167,-4.018429 -1.23915,0 -2.4783,0 -3.75501,0 0,-0.884054 0,-1.768108 0,-2.678952 z"
       fill="#261610"
       id="path252"
       style="stroke-width:1.29482" /><path
       d="m 113.58123,147.36206 c 0.82611,0.44202 1.65221,0.88405 2.50334,1.33947 0.41305,1.32608 0.8261,2.65216 1.25167,4.01843 2.06525,0.44202 4.1305,0.88405 6.25835,1.33947 0,0.44203 0,0.88406 0,1.33948 -2.47831,0 -4.95661,0 -7.51002,0 0,0.88405 0,1.76811 0,2.67895 -0.8261,0 -1.6522,0 -2.50334,0 0,-0.88405 0,-1.7681 0,-2.67895 -0.8261,-0.44203 -1.6522,-0.88406 -2.50334,-1.33948 0.82611,0 1.65221,0 2.50334,0 0,-1.32608 0,-2.65215 0,-4.01843 -0.8261,-0.44202 -1.6522,-0.88405 -2.50334,-1.33947 0.82611,-0.44203 1.65221,-0.88405 2.50334,-1.33947 z"
       fill="#412d18"
       id="path254"
       style="stroke-width:1.29482" /><path
       d="m 127.34959,97.801437 c 3.71746,0.66303 3.71746,0.66303 7.51001,1.33948 -0.8261,2.652153 -1.65219,5.304323 -2.50334,8.036853 -1.23914,-0.44202 -2.4783,-0.88406 -3.755,-1.33948 -0.41305,-2.65215 -0.8261,-5.30432 -1.25167,-8.036853 z"
       fill="#fae4d4"
       id="path256"
       style="stroke-width:1.29482" /><path
       d="m 73.52783,79.048769 c 3.304402,0 6.608817,0 10.013357,0 0.413041,2.210136 0.826093,4.420272 1.251664,6.69738 -5.576184,-1.326081 -5.576184,-1.326081 -11.265021,-2.678951 0,-1.326082 0,-2.652163 0,-4.018429 z"
       fill="#362519"
       id="path257"
       style="stroke-width:1.29482" /><path
       d="m 137.36294,108.51725 c 1.65221,0.44202 3.30441,0.88405 5.00668,1.33947 0,2.21014 0,4.42028 0,6.69738 -1.6522,0 -3.30441,0 -5.00668,0 0,-2.65216 0,-5.30433 0,-8.03685 z"
       fill="#d9d8d7"
       id="path263"
       style="stroke-width:1.29482" /><path
       d="m 149.87963,109.85672 c 0.41305,0 0.8261,0 1.25167,0 0,4.42028 0,8.84055 0,13.39477 -1.23915,-0.44204 -2.4783,-0.88406 -3.75501,-1.33948 -0.15645,-4.52074 -0.15645,-4.52074 0,-9.37633 0.8261,-0.88406 1.65221,-1.76812 2.50334,-2.67896 z"
       fill="#f7f7f8"
       id="path264"
       style="stroke-width:1.29482" /><path
       d="m 138.22347,94.955051 c 1.51747,0.03622 1.51747,0.03622 3.0656,0.0733 1.15445,0.04659 1.15445,0.04659 2.33222,0.09414 -6.10188,4.353296 -6.10188,4.353296 -8.76169,5.357909 -3.44208,-1.172043 -3.44208,-1.172043 -6.25834,-2.678963 4.0101,-2.860943 5.03096,-2.988796 9.62221,-2.846379 z"
       fill="#e6d6c9"
       id="path267"
       style="stroke-width:1.29482" /><path
       d="m 53.501128,75.030341 c 1.652203,0.442027 3.304406,0.884054 5.006676,1.339476 0,0.884054 0,1.768108 0,2.678952 2.065253,-0.442027 4.130507,-0.884054 6.258344,-1.339476 0,2.210136 0,4.420271 0,6.697381 -1.652203,-0.442027 -3.304406,-0.884055 -5.006675,-1.339476 0,-0.884055 0,-1.768109 0,-2.678953 -0.800286,-0.386773 -1.600572,-0.773547 -2.425109,-1.172041 -2.581567,-1.506911 -2.581567,-1.506911 -3.833236,-4.185863 z"
       fill="#432e1f"
       id="path268"
       style="stroke-width:1.29482" /><path
       d="m 71.024492,41.543438 c 2.478305,0.884054 4.956608,1.768108 7.510015,2.678952 -1.652207,0.442026 -3.304407,0.884054 -5.006677,1.339475 0,2.652163 0,5.304326 0,8.036857 -0.826101,0 -1.652202,0 -2.503338,0 0,-3.978243 0,-7.956488 0,-12.055284 z"
       fill="#fba81f"
       id="path270"
       style="stroke-width:1.29482" /><path
       d="m 171.158,107.17777 c 1.23916,0.44203 2.4783,0.88406 3.75501,1.33948 0,2.21014 0,4.42027 0,6.69738 -1.6522,0 -3.30441,0 -5.00667,0 -0.0535,-2.23173 -0.0509,-4.46558 0,-6.69738 0.41304,-0.44203 0.82609,-0.88405 1.25166,-1.33948 z"
       fill="#dddddd"
       id="path273"
       style="stroke-width:1.29482" /><path
       d="m 173.66134,104.49882 c 2.4783,1.32608 2.4783,1.32608 5.00667,2.67895 0,2.65216 0,5.30432 0,8.03686 -1.23914,0 -2.4783,0 -3.755,0 -0.41305,-3.53622 -0.82611,-7.07243 -1.25167,-10.71581 z"
       fill="#080808"
       id="path275"
       style="stroke-width:1.29482" /><path
       d="m 138.61461,100.48039 c 4.22438,-0.25115 4.22438,-0.25115 8.76168,0 0.8261,1.32608 1.65221,2.65217 2.50334,4.01843 -5.07466,1.55161 -7.78303,1.12103 -12.51669,-1.33947 0.41305,-0.88407 0.82611,-1.76812 1.25167,-2.67896 z"
       fill="#e0e0e0"
       id="path276"
       style="stroke-width:1.29482" /><path
       d="m 148.62797,93.78301 c 1.65219,0 3.3044,0 5.00667,0 0.41305,1.326074 0.8261,2.652158 1.25167,4.018427 -0.8261,0.88406 -1.65221,1.76811 -2.50334,2.678953 -2.58157,-0.33487 -2.58157,-0.33487 -5.00668,-1.339473 -0.41305,-0.88406 -0.8261,-1.768119 -1.25166,-2.67896 0.8261,0 1.65219,0 2.50334,0 0,-0.884053 0,-1.768105 0,-2.678947 z"
       fill="#ebd5c7"
       id="path286"
       style="stroke-width:1.29482" /><path
       d="m 57.256136,38.864485 c 0,1.326082 0,2.652163 0,4.018429 -3.598549,0.837172 -3.598549,0.837172 -7.510014,1.339476 -0.826102,-0.884054 -1.652203,-1.768109 -2.503338,-2.678952 4.040281,-2.882478 5.36216,-2.948006 10.013352,-2.678953 z"
       fill="#e6aa27"
       id="path287"
       style="stroke-width:1.29482" /><path
       d="m 30.971089,133.96729 c 6.19576,0.44202 12.391521,0.88406 18.775033,1.33948 0,0.44203 0,0.88405 0,1.33947 -4.543558,0 -9.087117,0 -13.768358,0 0,0.88406 0,1.76811 0,2.67896 -1.239152,-0.44204 -2.478304,-0.88406 -3.755007,-1.33948 -0.41305,-1.32608 -0.826101,-2.65217 -1.251668,-4.01843 z"
       fill="#1e0707"
       id="path296"
       style="stroke-width:1.29482" /><path
       d="m 154.88631,103.15935 c 0,4.01842 0,4.01842 -1.25167,6.69737 -0.28123,2.05836 -0.51065,4.12516 -0.70407,6.19508 -0.10487,1.09471 -0.20975,2.18942 -0.3178,3.31729 -0.0758,0.83917 -0.15167,1.67833 -0.2298,2.54292 -0.41305,0 -0.8261,0 -1.25167,0 0,-5.74635 0,-11.49271 0,-17.41319 1.23915,-0.44203 2.47831,-0.88405 3.75501,-1.33947 z"
       fill="#464240"
       id="path297"
       style="stroke-width:1.29482" /><path
       d="m 137.36294,97.801437 c 3.91147,0.5023 3.91147,0.5023 7.51001,1.33948 0,0.44202 0,0.884053 0,1.339473 -2.89135,0.88405 -5.7827,1.7681 -8.76167,2.67896 0.82609,0.88405 1.6522,1.7681 2.50333,2.67894 -2.06525,0.44203 -4.13051,0.88406 -6.25835,1.33948 1.34431,-3.9048 2.22561,-6.40015 5.00668,-9.376333 z"
       fill="#383530"
       id="path298"
       style="stroke-width:1.29482" /><path
       d="m 184.92636,69.672436 c 2.89136,2.652163 5.78271,5.304326 8.76168,8.036857 -5.31515,0 -7.99221,-2.434508 -12.51669,-5.357905 1.23916,-0.884054 2.47831,-1.768108 3.75501,-2.678952 z"
       fill="#100705"
       id="path300"
       style="stroke-width:1.29482" /><path
       d="m 47.242784,42.882914 c 2.065254,0 4.130507,0 6.258344,0 0,3.536216 0,7.072434 0,10.715808 -1.239151,-0.884053 -2.478304,-1.768108 -3.755006,-2.678951 0,-1.326082 0,-2.652163 0,-4.018429 -0.826102,0 -1.652203,0 -2.503338,0 0,-1.326081 0,-2.652163 0,-4.018428 z"
       fill="#f9b61d"
       id="path301"
       style="stroke-width:1.29482" /><path
       d="m 58.507804,42.882914 c 1.387411,4.454223 1.057089,7.530301 0,12.055285 -0.826101,-0.442028 -1.652203,-0.884055 -2.503338,-1.339477 -0.782293,-4.102145 -0.782293,-4.102145 -1.251669,-8.036857 1.239152,-0.884053 2.478305,-1.768108 3.755007,-2.678951 z"
       fill="#d4161a"
       id="path302"
       style="stroke-width:1.29482" /><path
       d="m 38.481102,144.6831 c 3.304406,0 6.608812,0 10.013351,0 -1.239153,1.98913 -1.239153,1.98913 -2.503338,4.01843 -3.911465,0.25115 -3.911465,0.25115 -7.510013,0 0,-1.32608 0,-2.65217 0,-4.01843 z"
       fill="#f0ddd4"
       id="path309"
       style="stroke-width:1.29482" /><path
       d="m 37.229433,92.44353 c 1.239152,0 2.478304,0 3.755007,0 -0.413051,2.210133 -0.826102,4.42027 -1.251669,6.697387 -1.239152,0.44202 -2.478304,0.884053 -3.755007,1.339473 -0.05347,-2.231723 -0.05087,-4.465583 0,-6.69738 0.413051,-0.442031 0.826101,-0.884057 1.251669,-1.33948 z"
       fill="#d0d1d1"
       id="path312"
       style="stroke-width:1.29482" /><path
       d="m 28.467751,66.993484 c 0.826102,0.442027 1.652203,0.884054 2.503338,1.339476 -0.413051,2.210135 -0.826102,4.420271 -1.251669,6.697381 -0.826102,0 -1.652203,0 -2.503338,0 0,2.210135 0,4.420271 0,6.69738 -0.413051,0 -0.826101,0 -1.251669,0 -0.312917,-10.213506 -0.312917,-10.213506 2.503338,-14.734237 z"
       fill="#130809"
       id="path314"
       style="stroke-width:1.29482" /><path
       d="m 153.63464,53.598722 c 1.23915,0 2.47831,0 3.75501,0 0.23468,3.181257 0.23468,3.181257 0,6.697381 -1.23916,0.884055 -2.47831,1.768109 -3.75501,2.678953 -1.25167,-1.339477 -1.25167,-1.339477 -1.40813,-4.688167 0.15646,-3.34869 0.15646,-3.34869 1.40813,-4.688167 z"
       fill="#ca1a14"
       id="path315"
       style="stroke-width:1.29482" /><path
       d="m 92.30286,49.580294 c 8.60523,5.023036 8.60523,5.023036 10.01336,8.036857 -2.891364,-0.442027 -5.782714,-0.884054 -8.761684,-1.339476 -0.413053,-2.210135 -0.826105,-4.420271 -1.251676,-6.697381 z"
       fill="#deac2b"
       id="path316"
       style="stroke-width:1.29482" /><path
       d="m 69.772824,40.203961 c 5.404388,0.680414 10.054683,1.603123 15.020027,4.018429 -2.112192,1.590628 -2.112192,1.590628 -5.006679,2.678952 -3.285625,-1.758063 -3.285625,-1.758063 -6.258342,-4.018428 -0.826101,-0.442027 -1.652202,-0.884055 -2.503338,-1.339476 -0.41305,0.884054 -0.826101,1.768108 -1.251668,2.678952 0,-1.326082 0,-2.652163 0,-4.018429 z"
       fill="#e6b037"
       id="path317"
       style="stroke-width:1.29482" /><path
       d="m 101.06454,135.30677 c 1.23916,0.44203 2.47831,0.88405 3.75501,1.33947 0,2.21014 0,4.42027 0,6.69739 -2.42511,-0.50231 -2.42511,-0.50231 -5.006674,-1.33948 -0.41305,-0.88406 -0.8261,-1.76811 -1.25168,-2.67895 0.82611,-1.32609 1.652214,-2.65217 2.503344,-4.01843 z"
       fill="#423325"
       id="path323"
       style="stroke-width:1.29482" /><path
       d="m 73.52783,97.801437 c 0.413051,1.76811 0.826102,3.536213 1.25167,5.357913 -1.187521,-0.24865 -2.375042,-0.49729 -3.598549,-0.75347 -3.784656,-0.97026 -3.784656,-0.97026 -6.414803,0.75347 0.413051,-1.32609 0.826102,-2.65217 1.251669,-4.018433 2.503338,-1.33948 2.503338,-1.33948 7.510013,-1.33948 z"
       fill="#181817"
       id="path324"
       style="stroke-width:1.29482" /><path
       d="m 132.35626,77.709293 c -199.683209,-127.568745 -199.683209,-127.568745 0,0 z"
       fill="#dbab24"
       id="path325"
       sodipodi:nodetypes="cc"
       style="stroke-width:1.29482" /><path
       d="m 83.541187,71.011913 c 2.891352,0 5.782704,0 8.761673,0 0.413052,1.768108 0.826104,3.536216 1.251676,5.357904 -1.239157,0.663041 -1.239157,0.663041 -2.503341,1.339476 -0.826103,-0.442027 -1.652207,-0.884054 -2.503339,-1.339476 0,-0.884055 0,-1.768108 0,-2.678953 -1.652197,-0.884053 -3.304405,-1.768108 -5.006669,-2.678951 z"
       fill="#dead28"
       id="path326"
       style="stroke-width:1.29482" /><path
       d="m 169.90634,140.66467 c 3.09787,0.66304 3.09787,0.66304 6.25834,1.33948 0,1.32608 0,2.65216 0,4.01842 -1.65221,0.44203 -3.30441,0.88407 -5.00668,1.33949 -0.41305,-2.21014 -0.8261,-4.42028 -1.25166,-6.69739 z"
       fill="#040305"
       id="path332"
       style="stroke-width:1.29482" /><path
       d="m 169.90634,135.30677 c 3.09787,0.66304 3.09787,0.66304 6.25834,1.33947 0,1.32608 0,2.65217 0,4.01843 -2.06526,0 -4.13051,0 -6.25834,0 0,-1.76811 0,-3.53621 0,-5.3579 z"
       fill="#d1d5d9"
       id="path333"
       style="stroke-width:1.29482" /><path
       d="m 122.34292,124.59096 c 2.48283,3.90737 2.48784,5.52374 2.03396,10.38094 -0.25816,1.43658 -0.51632,2.87318 -0.78229,4.3533 -3.48762,-5.59843 -2.24754,-8.23334 -1.25167,-14.73424 z"
       fill="#e7d4c7"
       id="path335"
       style="stroke-width:1.29482" /><path
       d="m 171.158,97.801437 c 0.82611,0.44202 1.65221,0.88406 2.50334,1.33948 -0.41305,1.326083 -0.8261,2.652153 -1.25167,4.018433 1.23915,0.44202 2.47831,0.88405 3.75501,1.33947 -3.75501,1.33947 -3.75501,1.33947 -6.49304,0.0837 -0.74864,-0.46966 -1.4973,-0.93931 -2.26864,-1.4232 1.23914,-1.7681 2.4783,-3.536223 3.755,-5.357903 z"
       fill="#333030"
       id="path336"
       style="stroke-width:1.29482" /><path
       d="m 139.86628,103.15935 c 1.6522,0.88405 3.30441,1.7681 5.00667,2.67894 -0.41304,1.32609 -0.82609,2.65217 -1.25166,4.01843 -2.89136,-0.44203 -5.78271,-0.88405 -8.76169,-1.33947 1.65221,-0.44203 3.30441,-0.88405 5.00668,-1.33948 0,-1.32608 0,-2.65216 0,-4.01842 z"
       fill="#222222"
       id="path337"
       style="stroke-width:1.29482" /><path
       d="m 123.59459,97.801437 c 1.23915,0 2.4783,0 3.755,0 0.41306,2.652163 0.82611,5.304333 1.25167,8.036853 -1.6522,-0.44202 -3.3044,-0.88405 -5.00667,-1.33947 0,-2.21014 0,-4.42027 0,-6.697383 z"
       fill="#ead6ca"
       id="path338"
       style="stroke-width:1.29482" /><path
       d="m 111.07789,96.461957 c 0.41305,0 0.82611,0 1.25168,0 0,2.21014 0,4.420273 0,6.697393 -0.82611,0 -1.65221,0 -2.50334,0 0,0.88405 0,1.7681 0,2.67894 -0.82611,0 -1.65221,0 -2.50334,0 0,-2.65215 0,-5.30432 0,-8.036853 1.23915,0.66303 1.23915,0.66303 2.50334,1.33948 0.41305,-0.88406 0.8261,-1.768119 1.25166,-2.67896 z"
       fill="#392811"
       id="path339"
       style="stroke-width:1.29482" /><path
       d="m 39.732771,61.635579 c -2.816256,2.762669 -2.816256,2.762669 -6.258345,5.357905 -2.894484,-0.334869 -2.894484,-0.334869 -5.006675,-1.339477 3.845038,-3.657579 6.138301,-4.475625 11.26502,-4.018428 z"
       fill="#241812"
       id="path343"
       style="stroke-width:1.29482" /><path
       d="m 204.95306,143.34363 c 1.65221,0 3.30441,0 5.00668,0 -0.41305,1.7681 -0.8261,3.53621 -1.25167,5.3579 -2.89136,-0.44203 -5.78271,-0.88405 -8.76169,-1.33947 0,-0.88407 0,-1.76812 0,-2.67896 1.65221,0.44203 3.30442,0.88405 5.00668,1.33947 0,-0.88405 0,-1.7681 0,-2.67894 z"
       fill="#362b15"
       id="path353"
       style="stroke-width:1.29482" /><path
       d="m 156.13797,139.3252 c -0.41305,1.32608 -0.8261,2.65215 -1.25166,4.01843 -2.47831,0 -4.95661,0 -7.51002,0 0,-0.88406 0,-1.76812 0,-2.67896 3.0826,-1.64942 5.35652,-1.43537 8.76168,-1.33947 z"
       fill="#1c1818"
       id="path354"
       style="stroke-width:1.29482" /><path
       d="m 191.18471,97.801437 c 0.82609,0 1.6522,0 2.50333,0 -0.82609,3.094193 -1.6522,6.188383 -2.50333,9.376333 -1.65221,-0.88406 -3.30441,-1.76811 -5.00668,-2.67895 1.60292,-2.28716 3.27646,-4.519043 5.00668,-6.697383 z"
       fill="#e9d9cd"
       id="path356"
       style="stroke-width:1.29482" /><path
       d="m 101.06454,89.764578 c 3.28173,1.404775 4.74848,2.209216 6.57126,5.525338 0.3098,0.828798 0.61959,1.657605 0.93876,2.511521 -1.23915,0 -2.47831,0 -3.75501,0 -3.75501,-4.464925 -3.75501,-4.464925 -3.75501,-8.036859 z"
       fill="#1b1206"
       id="path357"
       style="stroke-width:1.29482" /><path
       d="m 189.93303,85.746149 c 1.65221,0.884055 3.30441,1.768109 5.00668,2.678953 -0.41305,1.326082 -0.8261,2.652163 -1.25167,4.018428 -2.06525,-0.442026 -4.13051,-0.884054 -6.25834,-1.339475 0.8261,-1.76811 1.6522,-3.536218 2.50333,-5.357906 z"
       fill="#582f1d"
       id="path359"
       style="stroke-width:1.29482" /><path
       d="m 171.158,50.919771 c 2.42511,1.088324 2.42511,1.088324 5.00668,2.678951 1.25167,4.018429 1.25167,4.018429 0,8.036857 -0.8261,0 -1.65221,0 -2.50334,0 -0.18071,-1.022187 -0.36142,-2.044375 -0.54761,-3.097539 -0.65807,-3.709315 -0.65807,-3.709315 -1.95573,-7.618269 z"
       fill="#f7b10c"
       id="path361"
       style="stroke-width:1.29482" /></g></svg>
